-122940312111808512.0000000
-52025110655139840.0000000
-4817730851045376.0000000
309235068331622400.0000000
-68402667063345152.0000000
-74742919260536832.0000000
-4301804883935232.0000000
-54533594894303232.0000000
264010282475454464.0000000
28311756547817472.0000000
-25940393434546176.0000000
74763260225650688.0000000
-77073402875084800.0000000
-185360600832933888.0000000
6621433505513472.0000000
93846238008442880.0000000
546835957681225728.0000000
82363213445857280.0000000
-67123445413969920.0000000
27490013339975680.0000000
-369991400554496.0000000
61386094955986944.0000000
44675420884303872.0000000
-128305722696925184.0000000
145855354205372416.0000000
5726422450569216.0000000
7983988257849344.0000000
7044729912950784.0000000
3391271817183232.0000000
66664287640223744.0000000
-2855167288410112.0000000
-23949731927425024.0000000
8441374357585920.0000000
11258403141713920.0000000
151169500060844032.0000000
12483016429404160.0000000
23356075105320960.0000000
6873079397482496.0000000
-7007556434132992.0000000
-106637234731483136.0000000
-2731597858078720.0000000
12434075277066240.0000000
46153563943993344.0000000
28322680797134848.0000000
1917904761126912.0000000
2713471217041408.0000000
-38385561538396160.0000000
-8549312791314432.0000000
-19349583582724096.0000000
-116015579290140672.0000000
74893810051579904.0000000
52289702115409920.0000000
-57943665783341056.0000000
-1789533154705408.0000000
11235182401028096.0000000
72689778864160768.0000000
29046148710793216.0000000
6088352365281280.0000000
4506494435328000.0000000
-18030317805764608.0000000
11687997581819904.0000000
2084681696673792.0000000
-42575748812242944.0000000
45177442431664128.0000000
24859225612091392.0000000
-130433552574578688.0000000
143631480269045760.0000000
85617183748521984.0000000
502579034115276800.0000000
-19581071582560256.0000000
-51341695459000320.0000000
211245441012989952.0000000
149616714764517376.0000000
969028734617124864.0000000
244814441542057984.0000000
411766451767083008.0000000
-7412466623447040.0000000
-76814811484127232.0000000
140912542632378368.0000000
136182117192171520.0000000
123729838769963008.0000000
-24294888384233472.0000000
78444347846033408.0000000
206492149166899200.0000000
186557694117675008.0000000
-20605313908473856.0000000
-15590743095640064.0000000
116538843745746944.0000000
155572786432049152.0000000
-139148453535023104.0000000
30512029638852608.0000000
20186971208941568.0000000
70965482638802944.0000000
115923838788698112.0000000
183182897795039232.0000000
75423181950681088.0000000
-73992090257719296.0000000
75140770671099904.0000000
67276114321473536.0000000
241149374149689344.0000000
28335385310396416.0000000
-74112263442661376.0000000
64341612276219904.0000000
-30550110966382592.0000000
-648663206461440.0000000
10708810536583168.0000000
-11786392061345792.0000000
80965356209831936.0000000
-45647152940056576.0000000
-8516585140518912.0000000
-4217744589324288.0000000
1156647175061504.0000000
54708949819064320.0000000
14214631279034368.0000000
-10253176783503360.0000000
5157016087560192.0000000
-9702827190386688.0000000
-55471272154365952.0000000
-126302369561444352.0000000
-56858318957707264.0000000
105790688087506944.0000000
-159381614969749504.0000000
-137914277502648320.0000000
-104863902864506880.0000000
-64530977384300544.0000000
151800894613094400.0000000
-7214551309221888.0000000
-67552443927363584.0000000
24322277390680064.0000000
-134823421467951104.0000000
297803342858420224.0000000
-201451283490537472.0000000
-196967835849719808.0000000
30753612959318016.0000000
-426461012355448832.0000000
-409762145148862464.0000000
-254784005528879104.0000000
251051541509701632.0000000
638753102538735616.0000000
101462134147252224.0000000
569016371388612608.0000000
-745209467607449600.0000000
-394117365995929600.0000000
25372379714682880.0000000
-36883448266227712.0000000
-59978440899559424.0000000
-21600320392003584.0000000
-67304130393145344.0000000
-22530874448805888.0000000
-40858457678544896.0000000
-40278692928159744.0000000
-7328165005361152.0000000
-95411341270974464.0000000
-26582323541573632.0000000
-46535146018439168.0000000
-5581760435847168.0000000
-166242945484193792.0000000
19224202749935616.0000000
55082367160680448.0000000
589876031112871936.0000000
30149246636261376.0000000
-79049912464965632.0000000
24951988315750400.0000000
48792134152617984.0000000
115750639937519616.0000000
82234175448416256.0000000
-43126999274749952.0000000
110870569246785536.0000000
-37223205949145088.0000000
257884800117899264.0000000
-197529377053868032.0000000
-211890785619017728.0000000
-38684594341412864.0000000
-382473228620136448.0000000
-261482969099665408.0000000
-241185761112621056.0000000
102797705767550976.0000000
-94452799059787776.0000000
-97756994710011904.0000000
295641496839782400.0000000
-709430534605897728.0000000
-294567102180753408.0000000
-20089597857890304.0000000
-103792372613120.0000000
3266788364124160.0000000
15741098089512960.0000000
-369858055241728.0000000
177653453684736.0000000
3393855240011776.0000000
768480311771136.0000000
23402471489536000.0000000
18369164955615232.0000000
-11791921831739392.0000000
-12114072296226816.0000000
5523385924714496.0000000
7237926131859456.0000000
-42173937441832960.0000000
-24878230842376192.0000000
-1534001659510784.0000000
-58258431051563008.0000000
-47034526160912384.0000000
-38634884389928960.0000000
3217142300278784.0000000
-37964341210775552.0000000
1081095881752576.0000000
16830996506738688.0000000
-55242968872779776.0000000
-45497219926720512.0000000
11798631644397568.0000000
-61891067145879552.0000000
-78974956695715840.0000000
164762710775431168.0000000
-104568409114542080.0000000
-71200906976165888.0000000
-63498067814383616.0000000
-41600396099059712.0000000
11605412876910592.0000000
-108713842829164544.0000000
-24085409944305664.0000000
-54628904513568768.0000000
-56405083943862272.0000000
-213859736066457600.0000000
8349436287647744.0000000
112036893385818112.0000000
636691999272992768.0000000
115181101504266240.0000000
-54903047981105152.0000000
28805941927346176.0000000
14449704502820864.0000000
-251073428663042048.0000000
59206141355229184.0000000
-130938511879569408.0000000
257946475848269824.0000000
22570791874854912.0000000
-210218565872123904.0000000
70424084831272960.0000000
15876616118861824.0000000
441601081311494144.0000000
-77045348148707328.0000000
-117863317170552832.0000000
125364898459811840.0000000
116185797434015744.0000000
1294233075470827520.0000000
241144804304486400.0000000
369540497976328192.0000000
89769394921537536.0000000
-52031415667130368.0000000
-6917020671016960.0000000
-16884362549133312.0000000
-9942918009716736.0000000
-338788932911104.0000000
-9883861135654912.0000000
-13306318710374400.0000000
-16977451670306816.0000000
-6678017552154624.0000000
-29209859979214848.0000000
-5471675055341568.0000000
-11393716086374400.0000000
-10264771047718912.0000000
-10391668003962880.0000000
-4619131563278336.0000000
11826633757425664.0000000
2324590114111488.0000000
9609070201798656.0000000
-27204717989855232.0000000
15994788922785792.0000000
9533567897960448.0000000
-780828812509184.0000000
5535557862031360.0000000
24241783261102080.0000000
-19981210063208448.0000000
-3470128222044160.0000000
2964762505773056.0000000
-188985175273635840.0000000
11570662296518656.0000000
41277397378531328.0000000
491063436520718336.0000000
1262026747805696.0000000
-156665271493328896.0000000
39114151200555008.0000000
114021580593430528.0000000
577373965429768192.0000000
114744071402029056.0000000
127857568629391360.0000000
140059665206607872.0000000
-45067697427316736.0000000
51422028527304704.0000000
102362084414586880.0000000
114665293111885824.0000000
-23012808434122752.0000000
89407415077830656.0000000
162905240499126272.0000000
151948950725722112.0000000
-16185665859354624.0000000
-208483966020222976.0000000
94370765184434176.0000000
110853715795116032.0000000
-53430458314129408.0000000
16580945658249216.0000000
2182843040006144.0000000
-42141793906589696.0000000
-23651762128814080.0000000
-1144863663849472.0000000
-39584484479205376.0000000
-38835266089123840.0000000
-37119134596595712.0000000
-12294091555471360.0000000
-10565989989089280.0000000
-10592722939281408.0000000
54554674593792.0000000
-18025034995990528.0000000
-28699830465331200.0000000
-247999658008248320.0000000
46158266933182464.0000000
59078649546014720.0000000
613523640008310784.0000000
16312686295908352.0000000
-204900314027917312.0000000
82788166100058112.0000000
188114070006661120.0000000
974126826437738496.0000000
197695746907045888.0000000
280797316770693120.0000000
119906381573652480.0000000
-52129534195007488.0000000
-18491481329238016.0000000
-393109229797376.0000000
2298850911977472.0000000
4131755585961984.0000000
-19025689361514496.0000000
-6472983866507264.0000000
6015410935693312.0000000
2365662349492224.0000000
59179276334792704.0000000
20699433821798400.0000000
4551631320383488.0000000
791246993883136.0000000
2230502144606208.0000000
-1263860564623360.0000000
2186231366549504.0000000
-372179954827264.0000000
5566376399863808.0000000
-1833727831310336.0000000
-2277474054438912.0000000
2569060726341632.0000000
2460696553979904.0000000
3247862859169792.0000000
-346177585283072.0000000
418966979739648.0000000
3990303522422784.0000000
-1222654111514624.0000000
7688525646397440.0000000
-74939036057206784.0000000
-69256089949962240.0000000
124101370620936192.0000000
-83615909377212416.0000000
-62411436793528320.0000000
-68937399081631744.0000000
-59790888267677696.0000000
-49131866065731584.0000000
-133415737346752512.0000000
-65156784184098816.0000000
21132458867032064.0000000
-35648237146734592.0000000
-50785358446592.0000000
-6150042591166464.0000000
-1598794730831872.0000000
17968563692240896.0000000
-8681521011490816.0000000
-885133502578688.0000000
-3705614836432896.0000000
-5893546070507520.0000000
-1818038315778048.0000000
-1490599270154240.0000000
-4879544020369408.0000000
1626382245298176.0000000
-7349570048622592.0000000
109491695766208512.0000000
143719733257043968.0000000
148831388584378368.0000000
-25801363195691008.0000000
95818607249850368.0000000
127202122260283392.0000000
168695200011517952.0000000
43713850721173504.0000000
-36930980669292544.0000000
108110485823422464.0000000
113398294939435008.0000000
-128783838456315904.0000000
8902348365627392.0000000
-250931591663058944.0000000
22656339033456640.0000000
57265765325209600.0000000
601769379671048192.0000000
17594831744270336.0000000
-194954698778738688.0000000
56438949760991232.0000000
168416851770998784.0000000
817000361356165120.0000000
165298190118027264.0000000
212755499974656000.0000000
96233578400055296.0000000
-44523361862156288.0000000
9095103276646400.0000000
-14034077296361472.0000000
-22716071291125760.0000000
10653561151029248.0000000
-54851130416431104.0000000
-13880844674400256.0000000
-18148038564380672.0000000
1375379927334912.0000000
-33933241673056256.0000000
15818970141556736.0000000
-1511162097172480.0000000
-29911923923353600.0000000
-29168308318109696.0000000
146090032.0000000
-145415056.0000000
-154188144.0000000
20078424.0000000
-132514568.0000000
-104238248.0000000
-92463208.0000000
-158847936.0000000
-139689520.0000000
-46823100.0000000
-12443057.0000000
-51417580.0000000
-40192880.0000000
-31742806.0000000
-89216208.0000000
10332516.0000000
-3218485.2500000
-27024890.0000000
-74302656.0000000
30714214.0000000
2760890.7500000
-4153363.0000000
20931990.0000000
-210978496.0000000
-42524300.0000000
33436192.0000000
-91598336.0000000
5868609.5000000
-88959816.0000000
10982117.0000000
-181248960.0000000
48640356.0000000
-7639495.5000000
710420032.0000000
-131363200.0000000
-318849568.0000000
49578816.0000000
-37403068.0000000
-3195813.2500000
-443533696.0000000
-473722272.0000000
-192577776.0000000
-32401904.0000000
-243302704.0000000
10059509.0000000
5510748.0000000
-465912992.0000000
-86005832.0000000
-727378.6875000
-124755896.0000000
24601594.0000000
-991202816.0000000
-293224896.0000000
-203162352.0000000
4505673.5000000
-322183776.0000000
-230408640.0000000
32548608.0000000
-288019232.0000000
216588.0000000
16826766.0000000
48625052.0000000
44119372.0000000
-570481920.0000000
-242030928.0000000
-45376284.0000000
45231292.0000000
11891768.0000000
-16727691.0000000
-40211652.0000000
-5892593.5000000
-21505808.0000000
13782319.0000000
8490737.0000000
-1871435.1250000
23939832.0000000
27471614.0000000
-16605800.0000000
-59313036.0000000
-9534438.0000000
-19520480.0000000
28111106.0000000
15782876.0000000
-2587048.7500000
4973742.5000000
10997633.0000000
7475605.5000000
-717841.0000000
9218876.0000000
7502197.5000000
1149660.0000000
13780720.0000000
11537159.0000000
20534870.0000000
-18507330.0000000
-1460619.3750000
-24878338.0000000
3191853.2500000
-3702506.2500000
297417.0000000
-15208195.0000000
-1785349.6250000
-15023232.0000000
16154753.0000000
7495729.5000000
1234498.1250000
21067096.0000000
951621.7500000
-35252144.0000000
-2181502.2500000
6972261.5000000
-8781042.0000000
-1526704.3750000
10237817.0000000
10748743.0000000
2418934.0000000
6416374.5000000
-1229128.6250000
-8388239.5000000
-15300108.0000000
3822306.7500000
19726290.0000000
34514448.0000000
19736552.0000000
14118689.0000000
-9994881.0000000
-4313085.0000000
6112610.0000000
2058724.3750000
-941104.0000000
-14696064.0000000
17446054.0000000
32020118.0000000
-11159400.0000000
-18688618.0000000
-42879432.0000000
-8347449.5000000
7162900.5000000
25836250.0000000
13069405.0000000
2424416.7500000
-12070268.0000000
-10582769.0000000
-27606554.0000000
5772516.0000000
-429783.0000000
9440081.0000000
9735191.0000000
6944615.5000000
23178352.0000000
31719906.0000000
46123792.0000000
-2236194.2500000
-9545312.0000000
14407125.0000000
15821259.0000000
-7881092.0000000
11425052.0000000
12658315.0000000
-5959159.5000000
33416102.0000000
5909233.5000000
-6527092.0000000
-10321454.0000000
4499216.5000000
83575400.0000000
-38113672.0000000
-25840974.0000000
16809174.0000000
12478943.0000000
-46762116.0000000
84730064.0000000
-68043000.0000000
-60932256.0000000
15332105.0000000
50727456.0000000
-74357144.0000000
-8533432.0000000
-9596038.0000000
20162652.0000000
13980583.0000000
18231038.0000000
4723854.0000000
-100600760.0000000
84788664.0000000
642373.3125000
6235969.5000000
151740416.0000000
-63504396.0000000
-49812800.0000000
119032680.0000000
-31489442.0000000
-5364857.5000000
38111028.0000000
7244973.5000000
62100748.0000000
147672464.0000000
-4569533.0000000
52695860.0000000
-31415802.0000000
-16323637.0000000
15737384.0000000
35888848.0000000
31780746.0000000
-38870932.0000000
16382312.0000000
-25408176.0000000
12918391.0000000
-51487476.0000000
46705600.0000000
28992458.0000000
3588592.0000000
7405945.5000000
-21162216.0000000
-48203852.0000000
14360179.0000000
-45232524.0000000
-22794392.0000000
-24572710.0000000
-3462654.7500000
-26090632.0000000
-10172700.0000000
41950048.0000000
-54442220.0000000
-1218537.7500000
10700052.0000000
50045580.0000000
19668554.0000000
-15930039.0000000
-39461172.0000000
-25545978.0000000
34460416.0000000
-27056712.0000000
-11712223.0000000
-8870151.0000000
3490781.7500000
-6176268.0000000
9883793.0000000
18096200.0000000
44094764.0000000
-25647416.0000000
35923024.0000000
-70024584.0000000
-4653704.0000000
7994646.5000000
-38433716.0000000
1966878.3750000
986790.5000000
-9646535.0000000
18076138.0000000
15363192.0000000
24101574.0000000
34363460.0000000
12582372.0000000
-41322196.0000000
1380996.3750000
3778068.0000000
-33715612.0000000
-9679263.0000000
8364221.5000000
19819774.0000000
-10296985.0000000
-5447266.5000000
7560568.0000000
222343296.0000000
-227779888.0000000
-341671488.0000000
-5275221.5000000
-184316240.0000000
-142161584.0000000
-186793680.0000000
10378840.0000000
-136618880.0000000
-22688264.0000000
-61115748.0000000
8725108.0000000
-63283340.0000000
-184176944.0000000
-34499644.0000000
113774.6640625
55234740.0000000
10170112.0000000
-278830208.0000000
49552668.0000000
-6939082.5000000
-2001896.0000000
105336408.0000000
-218350672.0000000
-13091220.0000000
-98519288.0000000
-42167276.0000000
23948910.0000000
-88903072.0000000
65079236.0000000
-211169680.0000000
-68155704.0000000
-12178749.0000000
9695724.0000000
-12811917.0000000
10895116.0000000
-507212.3750000
2019055.1250000
3611965.7500000
3979626.7500000
-10698213.0000000
-7402913.5000000
26881394.0000000
12234807.0000000
-21708014.0000000
4022040.7500000
9437059.0000000
7317514.5000000
6773333.5000000
-7448291.5000000
22356942.0000000
30494.3339844
3144810.7500000
10228983.0000000
-4573127.5000000
7388124.0000000
-3359384.7500000
-6947123.5000000
23456098.0000000
-15146251.0000000
-3887881.7500000
-6650990.5000000
-22166616.0000000
-724727.1875000
-9580720.0000000
-25335008.0000000
98677696.0000000
-25387896.0000000
-39348144.0000000
-1817626.6250000
-45766764.0000000
-76050968.0000000
-32891130.0000000
-8864288.0000000
51279852.0000000
-7281991.5000000
41249104.0000000
-48275008.0000000
93132104.0000000
31233802.0000000
-47776780.0000000
29561610.0000000
28277826.0000000
-40825708.0000000
-53733540.0000000
-30660080.0000000
-34379828.0000000
-11447247.0000000
-24773610.0000000
-3180789.0000000
-78671792.0000000
-26565094.0000000
-42559732.0000000
1201692.0000000
-51745364.0000000
-34509328.0000000
-34732396.0000000
-12356573.0000000
1925506.0000000
605474496.0000000
19745890.0000000
528049664.0000000
-1023846.6875000
-31209894.0000000
-47412452.0000000
-212412720.0000000
-54461108.0000000
24226862.0000000
27879566.0000000
-81413640.0000000
225877824.0000000
-17462162.0000000
71738472.0000000
222657424.0000000
15633927.0000000
-30869456.0000000
136147056.0000000
299199264.0000000
-193596544.0000000
-77617944.0000000
-36486076.0000000
-199105616.0000000
-203614992.0000000
-46652212.0000000
-201325936.0000000
-31266550.0000000
20519198.0000000
100597064.0000000
30723738.0000000
-111337440.0000000
-221159760.0000000
-41351028.0000000
6700607.5000000
10609063.0000000
6083182.5000000
9834740.0000000
10078028.0000000
13198825.0000000
-6532545.5000000
-1337074.6250000
-32201326.0000000
3675482.0000000
498339.5000000
30469254.0000000
-1745020.0000000
5820428.5000000
-5599332.0000000
-7897664.0000000
-699481.8125000
-16638543.0000000
20543540.0000000
8341250.0000000
8021933.5000000
-1904163.0000000
-23034.5839844
11949436.0000000
32057770.0000000
-6091337.5000000
-7253483.5000000
7441759.5000000
14369187.0000000
-4546021.5000000
8232645.5000000
6504998.0000000
-10695109.0000000
26296168.0000000
-18471858.0000000
-2917697.2500000
2879419.7500000
-13994900.0000000
4281710.5000000
-31877438.0000000
7670352.5000000
-10331521.0000000
-24404442.0000000
-6657356.0000000
38199916.0000000
-27211648.0000000
25302542.0000000
-34647836.0000000
7230866.5000000
7151825.5000000
3841601.2500000
-65306380.0000000
-33977240.0000000
25271954.0000000
-245078.1250000
60817124.0000000
38380144.0000000
39206732.0000000
-12370083.0000000
5939486.5000000
-16699175.0000000
25988662.0000000
-33229798.0000000
2195588.0000000
5429893.0000000
10258710.0000000
9976483.0000000
411069.2812500
-10676580.0000000
-1523780.3750000
10082561.0000000
11169908.0000000
9044667.0000000
-16623153.0000000
-55762.6679688
4464545.5000000
17486938.0000000
6964068.5000000
-6963860.5000000
11474765.0000000
12726157.0000000
-4995132.0000000
8286048.0000000
-12296220.0000000
20343906.0000000
5708305.5000000
-6987052.0000000
-2650481.2500000
22668370.0000000
14268347.0000000
19996402.0000000
4298126.5000000
1420705.1250000
5946873.5000000
11390031.0000000
-5956336.0000000
-5926464.0000000
435919.5000000
-14977737.0000000
7589253.5000000
-13783241.0000000
-3218097.2500000
-5015173.0000000
-2465327.5000000
-4871921.5000000
-36827560.0000000
-5253046.0000000
-2496094.2500000
-22921510.0000000
-8755473.0000000
30901240.0000000
-18465506.0000000
14149028.0000000
23337114.0000000
-10514735.0000000
26648630.0000000
-5326239.5000000
-82836336.0000000
-29863306.0000000
-5173435.0000000
-4800626.0000000
22705246.0000000
5847765.5000000
31477342.0000000
-33892696.0000000
-10184224.0000000
-21329984.0000000
-1319293.0000000
-15702421.0000000
-816289.5625000
-52662900.0000000
3210712.0000000
18984654.0000000
-34502084.0000000
2478581.2500000
629697.3125000
-24451362.0000000
-22619912.0000000
-48153968.0000000
8397431.0000000
-12204597.0000000
-15907107.0000000
-8243182.5000000
-12696680.0000000
-30537994.0000000
-46598268.0000000
3232372.7500000
9798832.0000000
28976026.0000000
-25678688.0000000
-20254008.0000000
-22315872.0000000
-7210969.5000000
7555825.5000000
-577089.2500000
13852327.0000000
-10143596.0000000
1129908.3750000
-6697305.5000000
-12049432.0000000
8979185.0000000
-26523058.0000000
-27306310.0000000
-5232209.0000000
-748524.6875000
2145820544.0000000
-1625579648.0000000
-1808395136.0000000
-68684392.0000000
-1345265280.0000000
-1307551360.0000000
-656453312.0000000
-332326656.0000000
-1643073408.0000000
-10138241.0000000
-280608640.0000000
-6487125.5000000
20669150.0000000
-1888114048.0000000
-16390219.0000000
-41027780.0000000
-109854904.0000000
-53063412.0000000
-638632256.0000000
-635821376.0000000
-185316736.0000000
-32255342.0000000
-951262464.0000000
-165779040.0000000
-107208680.0000000
-601007296.0000000
-4654320.5000000
-47522052.0000000
-142323984.0000000
-60426324.0000000
-493304576.0000000
-678711232.0000000
-20129750.0000000
32415834.0000000
-14899923.0000000
-7650992.5000000
24778498.0000000
41622428.0000000
12429721.0000000
2780037.2500000
30061008.0000000
-28093338.0000000
-6911598.0000000
18546776.0000000
24819062.0000000
21872024.0000000
-2828354.7500000
15356789.0000000
-8435820.0000000
-12471987.0000000
-4324256.5000000
6213840.5000000
15680057.0000000
-16378515.0000000
-28378160.0000000
2640669.5000000
16873290.0000000
47881324.0000000
-9575137.0000000
-19214806.0000000
-21080706.0000000
-38107476.0000000
-13650948.0000000
-13061781.0000000
-24817664.0000000
-6273500.0000000
630276928.0000000
155152144.0000000
40028796.0000000
22562778.0000000
76914424.0000000
139028256.0000000
150753984.0000000
63281056.0000000
342731648.0000000
37992264.0000000
-149684704.0000000
-196935600.0000000
-17141574.0000000
-30469654.0000000
-198399952.0000000
30267072.0000000
-12251004.0000000
-551073.3125000
-490276096.0000000
168051440.0000000
-76552168.0000000
38831880.0000000
135516912.0000000
-46094212.0000000
9872549.0000000
116248024.0000000
42563612.0000000
-68709512.0000000
5313196.0000000
63433204.0000000
116235808.0000000
114802152.0000000
16526992.0000000
-11048455.0000000
-17764786.0000000
-2684327.7500000
-9278275.0000000
589041.3125000
-17970842.0000000
-25417934.0000000
17911662.0000000
-11814149.0000000
-21405944.0000000
-1741686.0000000
11462909.0000000
-12025883.0000000
-1169671.0000000
-25673160.0000000
15498589.0000000
-13522680.0000000
-16147941.0000000
-84235352.0000000
9870271.0000000
-5448818.5000000
-14292380.0000000
84315472.0000000
23349160.0000000
22927914.0000000
29496146.0000000
-302262.0000000
8414973.0000000
35880180.0000000
-2605718.0000000
5404487.5000000
45797780.0000000
2465643.0000000
1353032832.0000000
-428799200.0000000
-627934272.0000000
20842520.0000000
-470047200.0000000
-479768704.0000000
-83025064.0000000
-61894124.0000000
-586990144.0000000
-71610976.0000000
-10172584.0000000
-226572288.0000000
27521850.0000000
-882935296.0000000
-125754312.0000000
48605056.0000000
-74506408.0000000
33189390.0000000
-506829952.0000000
11046971.0000000
-128722144.0000000
44090464.0000000
-280720928.0000000
60883860.0000000
51167692.0000000
-98899896.0000000
-10241840.0000000
5688970.5000000
-67166696.0000000
209050416.0000000
-181807872.0000000
-177605104.0000000
40342984.0000000
321124192.0000000
-242937744.0000000
-364985216.0000000
-4642282.5000000
-126141720.0000000
-127164840.0000000
-197032832.0000000
-39040868.0000000
-88539544.0000000
-6970472.5000000
-106889824.0000000
-819214.6875000
-75911616.0000000
-235963824.0000000
-17314628.0000000
3054668.0000000
23777418.0000000
-87425832.0000000
-363679072.0000000
19149406.0000000
47993244.0000000
8232846.0000000
80781896.0000000
-210983728.0000000
-57360832.0000000
-51253856.0000000
-21219650.0000000
12531233.0000000
-147402432.0000000
34313100.0000000
-194712304.0000000
-59833332.0000000
37975316.0000000
12459891.0000000
13911543.0000000
14536485.0000000
8602398.0000000
9342709.0000000
36454900.0000000
-22979184.0000000
-20320004.0000000
-5781348.5000000
-1095860.1250000
-565313.3125000
9003512.0000000
-10009331.0000000
3094456.7500000
13499171.0000000
-5968856.0000000
-8176697.5000000
-11194607.0000000
28139232.0000000
15223155.0000000
-11147463.0000000
-13583160.0000000
32979190.0000000
13383823.0000000
16136625.0000000
-6557197.5000000
26249010.0000000
-4088910.0000000
4716232.0000000
867721.5000000
-9266725.0000000
3725532.0000000
6022361.5000000
18762622.0000000
-8800351.0000000
-23435970.0000000
30854320.0000000
2427000.0000000
19387268.0000000
-9796036.0000000
-807173.6875000
-3863711.2500000
3182362.0000000
10345828.0000000
44808800.0000000
-701284.0000000
2347863.2500000
-3962461.2500000
15002547.0000000
-9748345.0000000
11894305.0000000
22299898.0000000
2092242.0000000
-2600538.7500000
-462182.0312500
2772302.0000000
10376930.0000000
-6276298.5000000
4846492.5000000
-17546376.0000000
27709120.0000000
-25037398.0000000
41127440.0000000
10014009.0000000
-5097886.5000000
4140917.0000000
5119292.5000000
4669790.5000000
749517.0000000
10325578.0000000
17737442.0000000
2223258.2500000
2108832.7500000
-22479946.0000000
1771743.5000000
-5278192.0000000
7475588.0000000
21385544.0000000
-6460677.5000000
9457710.0000000
22336330.0000000
-7185630.5000000
990692.7500000
-12788613.0000000
2956250.0000000
14721403.0000000
14766721.0000000
-9264114.0000000
15291859.0000000
18791622.0000000
18146450.0000000
673410.3125000
11531016.0000000
-639642.6875000
13965525.0000000
-11149452.0000000
-6990874.5000000
6533160.0000000
-5575364.5000000
1942692352.0000000
-1523800192.0000000
-1537541760.0000000
-13436803.0000000
-1447126528.0000000
-1425997824.0000000
-596388160.0000000
-202294640.0000000
-1567794304.0000000
44468868.0000000
-14826083.0000000
78572696.0000000
9831451.0000000
-1642265728.0000000
-50490436.0000000
6729944.0000000
-25991682.0000000
71190312.0000000
-263554944.0000000
-596919104.0000000
-8253886.5000000
11943955.0000000
-848152576.0000000
-54624828.0000000
18787254.0000000
-584405312.0000000
17947914.0000000
-3755585.2500000
51829184.0000000
-43293996.0000000
-357698784.0000000
-650217920.0000000
-11458757.0000000
48046012.0000000
-8312444.5000000
1129743.3750000
-34199076.0000000
-15386192.0000000
-32993402.0000000
-6500058.5000000
40994000.0000000
24924042.0000000
-7569117.5000000
-21702934.0000000
-18729940.0000000
-5454709.5000000
-11689577.0000000
-47537844.0000000
12244440.0000000
-1957501.0000000
-53639356.0000000
-35064716.0000000
-34790048.0000000
20917614.0000000
-11042471.0000000
11819196.0000000
20965006.0000000
-396484.6562500
17874326.0000000
4099928.0000000
20237826.0000000
6442050.5000000
-18197902.0000000
2844381.2500000
7130832.0000000
-14359052.0000000
1203978624.0000000
-288967712.0000000
-204908736.0000000
34931420.0000000
-21669976.0000000
-66439712.0000000
-143704144.0000000
129816632.0000000
-341789984.0000000
-2281750.7500000
-313066848.0000000
-89883400.0000000
-48692528.0000000
-458247680.0000000
100560128.0000000
-72185832.0000000
-234825280.0000000
-84378816.0000000
-756680384.0000000
-220397584.0000000
-281463392.0000000
-39712572.0000000
-403900672.0000000
236925904.0000000
-16494212.0000000
-370708864.0000000
-25804992.0000000
-15859696.0000000
77922968.0000000
42801296.0000000
-19468082.0000000
-367927584.0000000
6119330.5000000
25985074.0000000
82290536.0000000
37386904.0000000
-25887366.0000000
19920552.0000000
-40959520.0000000
-17526428.0000000
-12896889.0000000
40275852.0000000
-15009861.0000000
21424344.0000000
-136187744.0000000
18222666.0000000
48435060.0000000
26050560.0000000
24985656.0000000
1516969.3750000
11422168.0000000
-5929037.5000000
-31024064.0000000
-34479692.0000000
-31157286.0000000
7916669.5000000
-44006972.0000000
-94832928.0000000
-3330673.0000000
35397280.0000000
-10173011.0000000
11613651.0000000
-29039786.0000000
-28650494.0000000
-16062139.0000000
2256442.7500000
32733850.0000000
8714368.0000000
-2396743.0000000
-27584352.0000000
9333398.0000000
-27874632.0000000
-5546196.0000000
-8293190.5000000
10649051.0000000
3256110.7500000
16608115.0000000
12912588.0000000
-34191756.0000000
18147394.0000000
-9261303.0000000
15295065.0000000
-51023536.0000000
42608168.0000000
14195707.0000000
4596349.5000000
41598964.0000000
-20612240.0000000
-11216217.0000000
16376585.0000000
38188336.0000000
24497246.0000000
-4280748.0000000
20462502.0000000
19825812.0000000
3186277.0000000
6863298.0000000
7011754.5000000
-6677878.0000000
66848396.0000000
-4823062.0000000
27102470.0000000
2754826.0000000
28732552.0000000
5987997.5000000
41430692.0000000
22265990.0000000
-4003323.0000000
-10107555.0000000
37187404.0000000
24213320.0000000
11989420.0000000
6763983.5000000
8329326.0000000
10408876.0000000
5754748.0000000
13963867.0000000
13444491.0000000
-3710829.7500000
18256158.0000000
-2508935.2500000
-46552260.0000000
10797517.0000000
40894596.0000000
-9413453.0000000
-25087816.0000000
4553925.5000000
-20658172.0000000
-14946681.0000000
13893592.0000000
14798297.0000000
4294326.0000000
205048.7656250
2774.1662598
-40.7403145
-85.1281738
-4030.1789551
1084.2183838
1649.8580322
-1046.5545654
-2245.7675781
3137.4230957
-2728.0275879
-3812.6711426
-9734.2158203
2250.9240723
1265.8824463
-1828.9837646
350.3406677
1233.3872070
-1080.6956787
-2780.3884277
-14360.0664062
-240.9379425
-3835.4248047
891.8510742
1126.8677979
1500.5806885
-2129.1928711
-2755.7775879
1351.3056641
-4844.9804688
-2206.3332520
-449.4714050
-1287.7340088
238868.9218750
6386.7539062
9483.4716797
6726.3066406
5560.8046875
5345.0424805
2324.4846191
6694.1889648
3134.5380859
9673.9628906
6630.5229492
4508.2778320
-3614.2189941
3396.9270020
4516.1894531
6477.9750977
2148.8562012
7559.7172852
3689.2102051
8314.5439453
-4042.6191406
3372.6672363
1654.6663818
8133.2055664
5375.2475586
5773.2929688
3830.3183594
2016.9970703
4614.2089844
3325.0280762
7522.2832031
6492.8413086
7996.7050781
224045.0156250
3189.6757812
953.2980957
5241.5253906
2806.5485840
583.4392090
1602.0014648
3234.8732910
534.8187866
6413.4023438
1839.1646729
2218.0534668
-12790.8779297
1957.3115234
4122.0390625
826.9516602
1612.1751709
2924.7119141
-80.3227310
3134.4787598
-6375.8530273
2162.4270020
-2924.8703613
3983.4023438
1185.0839844
2637.9277344
1292.2357178
-4158.7504883
-541.5737305
2073.9357910
2199.5886230
3106.3664551
3406.2731934
315297.7812500
4195.2954102
1224.8220215
-381.0219727
-660.5155640
441.8639221
2285.9436035
-1474.4897461
-2589.3393555
7801.0571289
803.4697876
-1131.4843750
-13715.8632812
190.5860138
472.1167297
-4616.7836914
-70.3986893
-2153.2663574
1753.3427734
518.2430420
-10561.9541016
2232.5363770
-4536.4584961
5349.5268555
-1096.7418213
748.8434448
-1067.0206299
-5297.5278320
-1906.6992188
-4184.0454102
-1847.4316406
-160.5743561
630.2604370
235124.6718750
4381.3471680
3664.9511719
-831.5361328
3723.0378418
2313.1113281
6242.4194336
-1316.8732910
-1348.1767578
6355.1821289
5739.3920898
2920.7648926
-8418.2021484
5924.3339844
1601.6922607
488.2351990
259.3912354
-988.9251099
868.3117065
599.0590820
-755.0513306
5261.3750000
1317.9742432
5656.2915039
2483.1984863
2177.7907715
3334.0546875
-1262.5882568
-1193.8984375
-2407.3693848
777.4851685
3580.5214844
-84.5266342
217343.7968750
5167.0371094
7654.2670898
3912.4609375
5105.9672852
1736.4503174
-1693.3638916
2748.8601074
3607.9147949
2469.4257812
5914.6347656
5341.6821289
-7579.7329102
-897.5515747
1876.1060791
3719.2861328
1418.8145752
2787.5637207
4831.7285156
4480.5883789
-2700.8894043
294.5945740
1140.7371826
7837.0424805
-272.8275146
3946.6318359
3765.1140137
-3524.2238770
2110.9877930
-2575.8654785
2742.5100098
3162.3015137
3773.3835449
135786.4531250
-5829.2226562
-13526.6142578
-7673.8422852
-8784.4316406
-11978.1884766
-7023.3364258
-10144.7685547
-10163.6582031
-10884.9511719
-7448.1093750
-7210.4218750
-26800.0546875
-8019.8061523
-9838.3896484
-8647.1611328
-7451.9848633
-9894.3408203
-9949.6914062
-9114.8076172
-18245.8906250
-9144.0166016
-15875.7470703
-8988.2812500
-10485.9814453
-7689.4121094
-7426.3540039
-16606.2324219
-13769.7041016
-13849.2343750
-12892.6884766
-7565.3657227
-9821.5380859
102573.7890625
1747.9486084
-3949.9475098
-2752.2409668
120.4406052
-2137.0637207
435.1714783
-1968.9488525
211.7363739
348.6260986
-1779.4158936
-3565.0637207
-15263.7373047
-2032.4936523
-1778.4927979
-1463.9824219
-990.9750366
-920.3530884
-7394.0312500
-2092.6821289
-17646.8300781
-1760.4648438
-12067.0273438
2468.8530273
-3677.1784668
-447.2370911
-2436.5527344
-12965.0478516
1298.7301025
-15814.6406250
-1577.9876709
-2473.7395020
-1363.4262695
151427.2656250
-2572.5393066
-6356.9316406
-4598.3393555
-5732.6274414
-2681.4370117
-5172.9921875
-6874.7875977
-5044.2695312
-1158.1937256
-6625.9257812
-4197.2148438
-19811.0078125
-2349.4172363
-5552.6938477
-6907.6342773
-4265.4174805
-2844.3369141
-1187.1781006
-4754.2124023
-15291.1005859
-8429.5341797
-13002.8603516
-2488.2351074
-5183.0727539
-3728.9055176
-5580.9858398
-9713.8876953
-6320.0571289
-10282.8906250
-5845.8437500
-3406.9003906
-2480.6677246
12658.9267578
2022.3159180
-6812.2739258
-1208.4803467
-4945.7954102
-2435.5588379
286.8251343
-3741.4724121
-2055.5739746
-2900.8818359
-1290.7077637
-4783.6855469
-12538.9101562
-4137.8891602
-1186.1917725
-2264.6247559
-1972.0277100
-2314.1110840
-5527.0605469
271.2065735
-11549.9091797
-5532.0024414
-10935.6523438
-3924.3391113
-1939.7607422
-4356.0122070
-3371.5202637
-8097.1147461
-4430.3774414
-8394.4658203
-3899.5290527
-958.4697266
-2082.3085938
501495.8437500
3403.1198730
4812.4042969
1791.1370850
4509.7807617
2739.2109375
1904.3863525
5153.4340820
745.2725220
11143.9736328
4647.4946289
5428.7519531
-10860.1406250
3386.3535156
4292.3041992
1291.7366943
1323.4187012
1893.4276123
463.4984436
1014.9573364
-4701.1054688
5559.7661133
2308.3405762
7119.1992188
2082.4558105
7106.2485352
1412.2630615
-5163.1743164
852.3762817
3991.5769043
5865.3203125
2204.5109863
1815.9648438
322183.8437500
1372.2742920
627.8356323
1439.0401611
-6201.1582031
-2629.6335449
-5806.6723633
-774.7192383
-2571.8234863
-2397.0522461
-4928.5800781
-2512.8388672
-13211.5166016
-6521.6030273
-2197.7507324
-2631.8769531
424.2606506
1930.7034912
563.2792969
-2481.8078613
-12651.2646484
-7027.3569336
-2466.1677246
60.8430176
-2875.3632812
-2686.3068848
-2915.6975098
-5311.8959961
6.0656128
-3390.6145020
-4324.9086914
-3532.1818848
-3368.6835938
