108759979367858176.000000
168499315143081984.000000
-81176136024850432.000000
68674821961023488.000000
-51694411058249728.000000
-60970818863104000.000000
72365826660892672.000000
106120773504073728.000000
6934059880022016.000000
-125017040468574208.000000
-19944503125213184.000000
26482993832919040.000000
26503128639602688.000000
74657793008730112.000000
125907799505895424.000000
-23894290342084608.000000
-376178146593996800.000000
-72437552614735872.000000
-143115594567254016.000000
125083852979830784.000000
146585447106084864.000000
-344946003410944.000000
-73795586913992704.000000
37701098370236416.000000
101973097816522752.000000
-100313986309816320.000000
192050785490567168.000000
144172001903247360.000000
-29146453377024000.000000
42256211835355136.000000
-102674045069164544.000000
-41089037292797952.000000
87144096161857536.000000
198847107380019200.000000
30608909068664832.000000
-73136223534710784.000000
-93121565356457984.000000
11616723673284608.000000
-41523687983153152.000000
-154324265074688.000000
11081089711865856.000000
-7585839957671936.000000
16444344223399936.000000
-18043962916864000.000000
-47889164523274240.000000
14263632560914432.000000
27100032456982528.000000
-727759592620032.000000
-15234061094092800.000000
-9489819361083392.000000
-8967665691394048.000000
-12376314409385984.000000
10874566209437696.000000
-12964209532862464.000000
95890994628657152.000000
42379820994134016.000000
-99657457608949760.000000
-234664214050897920.000000
32195066260881408.000000
87907603908132864.000000
131529585278844928.000000
224079731006373888.000000
-60561620148944896.000000
-55128194461728768.000000
-158676037742362624.000000
99073256157347840.000000
-2976220673212416.000000
22634357390835712.000000
353257040006610944.000000
-9009487398567936.000000
102730498119303168.000000
42084185510248448.000000
-40345621403533312.000000
-2159219780354048.000000
59856450943451136.000000
-31304876306726912.000000
2339730142265344.000000
-4766142925111296.000000
-1738139307606016.000000
4717727906267136.000000
660031045369856.000000
-2150289872257024.000000
-1851821186351104.000000
-8925171821838336.000000
-1209840210804736.000000
14460281933529088.000000
8384496105684992.000000
8929467326005248.000000
-4730551604871168.000000
-10452293614829568.000000
1309307492630528.000000
197075158492512256.000000
147348147398508544.000000
-26989469261365248.000000
34236998940098560.000000
-98817542394478592.000000
-39523349914714112.000000
88627466196746240.000000
196936620027412480.000000
37945507779182592.000000
-74871622250528768.000000
-96487196218884096.000000
13991684895408128.000000
-39747117710835712.000000
4783696456450048.000000
3972700867395584.000000
278039673962496.000000
10271532399984640.000000
-5720300511559680.000000
-3071368962768896.000000
4864670011752448.000000
1981983928352768.000000
309258818158592.000000
-907671007920128.000000
-2898046094409728.000000
-6516292169236480.000000
946532475994112.000000
198409123795042304.000000
148506757776277504.000000
-26148179657359360.000000
32083437913374720.000000
-98240582257737728.000000
-39800633003343872.000000
89217577523347456.000000
197496271445950464.000000
39885643291033600.000000
-75074439196180480.000000
-97500361824141312.000000
14198293223440384.000000
-39093621256880128.000000
6315790747828224.000000
-605301350858752.000000
-5681472396591104.000000
4772277749022720.000000
-5579700999028736.000000
-12796430930411520.000000
6419719292715008.000000
-607733778743296.000000
-1150737568497664.000000
-5921098822582272.000000
1036003087220736.000000
-3060919307337728.000000
-2151939005480960.000000
12144491402100736.000000
-1034112697630720.000000
206281658859520.000000
2763591606337536.000000
-1781613100793856.000000
-4367690487562240.000000
-3272666295304192.000000
2622624874102784.000000
-467269457018880.000000
-15408049145511936.000000
9517306078035968.000000
5367160247418880.000000
5442651276967936.000000
-4809594572374016.000000
28342618035322880.000000
743092894302208.000000
4515200870907904.000000
-12143230829199360.000000
9135536098770944.000000
27937248284508160.000000
-7354478122500096.000000
-484569048416256.000000
-278914102460416.000000
-10875534724562944.000000
-6573844194131968.000000
-18362542116044800.000000
43464536459575296.000000
27489903818309632.000000
-13979995068170240.000000
341720070654787584.000000
5856581971345408.000000
26466930655232000.000000
33183241598926848.000000
-30777046300884992.000000
21851043402874880.000000
-75232631431626752.000000
-39075359055937536.000000
-20728867232677888.000000
20396043774459904.000000
572455789789184.000000
10452272139993088.000000
2651379680149504.000000
15072487645642752.000000
-25226267074756608.000000
-35723132786442240.000000
12135352785436672.000000
22089590181462016.000000
13022507271454720.000000
-11536759972167680.000000
-10970145337901056.000000
11286281774432256.000000
-13310235720548352.000000
2137397588393984.000000
1287703136043008.000000
-14192797812785152.000000
2746233227575296.000000
-15231829858582528.000000
-26181141383872512.000000
9352728299962368.000000
-1228435137495040.000000
-248662852632576.000000
-23756956615311360.000000
2595950979710976.000000
5849663315902464.000000
-18086470208192512.000000
-1090118735626240.000000
10271253227110400.000000
-2736788057620480.000000
5185558292725760.000000
-3503952431677440.000000
-7844770114174976.000000
4735807571099648.000000
-513168229007360.000000
3480587004280832.000000
-4556470674784256.000000
-5147332010049536.000000
-15197333755002880.000000
-10328138995204096.000000
161674251332485120.000000
105816045574422528.000000
39302708854784000.000000
-387066335365955584.000000
27063849504997376.000000
-211291036385804288.000000
29236153769000960.000000
159849732045275136.000000
42208726676930560.000000
-20963935087755264.000000
-5895291974713344.000000
77921590196568064.000000
-110560043111284736.000000
11184078732656640.000000
15630897818632192.000000
-1331585890648064.000000
8243646948179968.000000
-10878622806048768.000000
-58686007930781696.000000
-6904350517493760.000000
53539176821293056.000000
39237893503320064.000000
-6978394679934976.000000
2895051965333504.000000
-27946957058080768.000000
-7762669666828288.000000
2121258577690624.000000
2625547330912256.000000
338978918105088.000000
65995393728512.000000
1142944216121344.000000
-7270378904748032.000000
3970123887017984.000000
4118062693351424.000000
1138942111907840.000000
-330308922638336.000000
249716730232832.000000
-4006993228464128.000000
524038455689216.000000
226449109844754432.000000
33470604975800320.000000
75880707636854784.000000
192217722279428096.000000
-6032406658154496.000000
-58688301443317760.000000
44023599467593728.000000
-54526134536110080.000000
187316941256392704.000000
77203918341275648.000000
32714871120330752.000000
53636221607346176.000000
-107595974511165440.000000
11465618133876736.000000
-428213775892480.000000
2944197128617984.000000
2980089633439744.000000
-10907402308157440.000000
6095886274789376.000000
6473609321119744.000000
-8938000352280576.000000
-1828755601358848.000000
10106333999136768.000000
-7153564384231424.000000
1115905517944832.000000
-13940763763146752.000000
-859044663263232.000000
-3149691717943296.000000
3635756119621632.000000
-2484064397295616.000000
-6079109058789376.000000
14094755520577536.000000
-1956044070715392.000000
-8544946420187136.000000
2221343663718400.000000
21152694605447168.000000
-9385200400203776.000000
-2820819092766720.000000
3416319798018048.000000
71164288085000192.000000
-5863625180839936.000000
-18339387947352064.000000
126500453453135872.000000
-43932365772292096.000000
143745855248138240.000000
46009871518138368.000000
-14038389443526656.000000
-9876568281186304.000000
58534906686341120.000000
-6365672498003968.000000
11695409621630976.000000
28178389223342080.000000
111497668831739904.000000
-10057791205015552.000000
39390523756118016.000000
384893356792086528.000000
-22955176415461376.000000
61912228449746944.000000
40028996414472192.000000
-54164704448217088.000000
58113862452379648.000000
98583234748612608.000000
-63795610263748608.000000
-8762358738452480.000000
-61199740619980800.000000
270250560718897152.000000
207078395022934016.000000
55174940885778432.000000
-306514532967120896.000000
-107475483498643456.000000
-268409943894261760.000000
78542247330578432.000000
270761386949214208.000000
126274409324347392.000000
11415195217821696.000000
-126767067843002368.000000
67194724691214336.000000
-121210136076222464.000000
6951722933026816.000000
44419123005882368.000000
-77654580669710336.000000
-106828523984912384.000000
26384548887527424.000000
5721631414550528.000000
24727069468393472.000000
66190767495839744.000000
-9631256929107968.000000
-93446093085343744.000000
47607973014405120.000000
40103118960066560.000000
-10766602542776320.000000
245193893312724992.000000
526145347869736960.000000
216241278252220416.000000
-141784953569411072.000000
68723767408328704.000000
-678701521071767552.000000
231491092212613120.000000
1009630400496009216.000000
278475938486812672.000000
105460783059566592.000000
-69596324374249472.000000
134347272803581952.000000
-363258300852076544.000000
829504415072256.000000
-1194355779960832.000000
-1758933391769600.000000
-424352700956672.000000
-3681395784286208.000000
-3309677907542016.000000
972060620750848.000000
-2318912167346176.000000
5078345171599360.000000
-586769305174016.000000
1254946762653696.000000
-7164906855989248.000000
-4513361551163392.000000
3239082066968576.000000
511157781659648.000000
-1922825183035392.000000
-57798985515008.000000
-2045164239454208.000000
3194607680618496.000000
2608920170332160.000000
-5174722627108864.000000
-3893745678286848.000000
-483725087342592.000000
-1256383026561024.000000
3924846341783552.000000
-593419726487552.000000
786859147919360.000000
365191405502464.000000
-8063343147352064.000000
7752892710649856.000000
24065423313993728.000000
-6310941192880128.000000
-12384603696267264.000000
2502532488232960.000000
-1231409536565248.000000
-41708848318251008.000000
2440598791389184.000000
-34520406652092416.000000
14341650641846272.000000
4193693846208512.000000
7156759839899648.000000
-2675649466597376.000000
-2059323001798656.000000
-3925459179929600.000000
-31434384603086848.000000
7384633087885312.000000
34949186122153984.000000
1303564852920320.000000
-17434470550339584.000000
1398126074134528.000000
8870426021199872.000000
1920543079006208.000000
359895753776168960.000000
88533449362636800.000000
185632455082901504.000000
35123488779927552.000000
-77271933443375104.000000
-229059608147132416.000000
137671680569901056.000000
62925707587616768.000000
406177909041004544.000000
172942441630924800.000000
-8604230927515648.000000
33378873064292352.000000
-271458906817953792.000000
259173908781989888.000000
22638145551990784.000000
-133009648188915712.000000
-34843093987491840.000000
-104158935522476032.000000
-50532557980172288.000000
-21441943472963584.000000
231849258125361152.000000
86448543388139520.000000
-137309460208025600.000000
55942580390592512.000000
-157347312299933696.000000
-38938203570307072.000000
83598549119401984.000000
137633085993779200.000000
-23983305686777856.000000
-384659985449091072.000000
-81878904343625728.000000
-149836428111511552.000000
133450337603289088.000000
155209380659200000.000000
6136971395072000.000000
-75932676741136384.000000
33361267993346048.000000
95078472715599872.000000
-105607061055733760.000000
-26345295033925632.000000
-36713702568755200.000000
8863718892896256.000000
-3760834694086656.000000
22928775251492864.000000
94690594219098112.000000
7489709462781952.000000
-82430532763254784.000000
107666068377436160.000000
140897269728673792.000000
7399692316966912.000000
-25013511574781952.000000
-21578647987027968.000000
211015849241214976.000000
207179807790727168.000000
-5804741179211776.000000
-116599935360565248.000000
-41378561038221312.000000
-293330701355319296.000000
97300499815989248.000000
489003501486080000.000000
145331952310812672.000000
-207915862106046464.000000
-116150587292123136.000000
-27012679264632832.000000
-25768206048165888.000000
12806401696989184.000000
1467472213442560.000000
-20102308813602816.000000
-8546466838609920.000000
-7626786565259264.000000
-18256963229974528.000000
-10754201898450944.000000
-2014905389547520.000000
23517250195554304.000000
-31324134940082176.000000
-15889580477644800.000000
1277440311689216.000000
8432077364002816.000000
146885545060990976.000000
9000578025783296.000000
22433610619420672.000000
236185130689888256.000000
10256700804169728.000000
-47558933077819392.000000
-5467943802503168.000000
-49003777256062976.000000
74453094867402752.000000
42242648328634368.000000
51911723518525440.000000
9889326481539072.000000
-52870338744156160.000000
-5636146532974592.000000
-96210711994171392.000000
127444521624535040.000000
11067504730308608.000000
10915155797868544.000000
-268583804170403840.000000
-40395043592208384.000000
55032446755799040.000000
113908897831452672.000000
158355804980772864.000000
138569964322816.000000
-2390711940939776.000000
-71711166270799872.000000
-46911432398209024.000000
28123849581133824.000000
-659172588781568.000000
71950868395589632.000000
-6715986136793088.000000
-51721907438878720.000000
13684268316229632.000000
95403034804224000.000000
23517200803430400.000000
78411388267003904.000000
92417834965008384.000000
-94268201365405696.000000
-7208585062776832.000000
61566397683073024.000000
10585011325501440.000000
-19294799127379968.000000
333832449115029504.000000
-71010837493448704.000000
187842232936562688.000000
65578721771257856.000000
-76004059097595904.000000
-32178429705060352.000000
126681744022700032.000000
-6154889998630912.000000
22851620458987520.000000
-8109064147959808.000000
111595868963995648.000000
145884834860892160.000000
-72159479252123648.000000
99819395055878144.000000
-11252870150094848.000000
-145737431583293440.000000
26312427796692992.000000
189281699815751680.000000
49490714878279680.000000
-198825581003931648.000000
-65173461542109184.000000
8335367048527872.000000
70236162832203776.000000
6148107708399616.000000
6536798490591232.000000
-2879601894227968.000000
-3081324428525568.000000
2455985511727104.000000
7361009157144576.000000
-393743643443200.000000
957555106906112.000000
5908705694449664.000000
-2962934460317696.000000
2711779805233152.000000
7904448684752896.000000
4312182867099648.000000
-3192663134175232.000000
12382810547421184.000000
4031106785476608.000000
10947897407307776.000000
-20494486572367872.000000
-40012963301556224.000000
5937706924244992.000000
26294861380452352.000000
3456863483985920.000000
-10067525748391936.000000
-7998249696755712.000000
4384034985607168.000000
-17832149088468992.000000
5607477626273792.000000
738007183261696.000000
-8342449986469888.000000
-2061119506087936.000000
2185393847926784.000000
-9605861861228544.000000
121306427162624.000000
1093032065630208.000000
4003228689629184.000000
-15295217133420544.000000
2366885878300672.000000
4329696669990912.000000
6993531755298816.000000
1254744228102144.000000
-1438003905953792.000000
-1695183863283712.000000
21951386723811328.000000
-13288859668316160.000000
-15084542545100800.000000
13165231182184448.000000
-16574758757859328.000000
10245435104952320.000000
-8096813827489792.000000
-11283384818991104.000000
1061178709114880.000000
-14876881950081024.000000
4355176026603520.000000
10790305393541120.000000
-9815238295683072.000000
-3512648398274560.000000
-2499330590113792.000000
-11136877042073600.000000
6725059792076800.000000
2886275199664128.000000
9239944606253056.000000
-5747082853875712.000000
1996095311839232.000000
-334372968333312.000000
-532130039857152.000000
117909539608592384.000000
13957835184406528.000000
-33546271562137600.000000
139551673654706176.000000
-51842660444405760.000000
42367683416555520.000000
59317299403816960.000000
74917741609353216.000000
25838310651854848.000000
10576607148244992.000000
-5660792129060864.000000
58187735889870848.000000
-6816516825677824.000000
-3315870176641024.000000
4749226659545088.000000
-4440951355342848.000000
-4723304921300992.000000
1106633220423680.000000
4288791938334720.000000
-2350789146181632.000000
-10626630632341504.000000
51980683513430016.000000
-861653990113280.000000
-6023478494887936.000000
-388495193407488.000000
21191214019641344.000000
48475942955253760.000000
19000772108746752.000000
-12180780654526464.000000
115848736990560256.000000
-60803718865485824.000000
53448140694487040.000000
33667005240311808.000000
-21217524989296640.000000
-12290925090832384.000000
64388736657391616.000000
1673376166838272.000000
27491374844608512.000000
-4986240134807552.000000
15627688404320256.000000
3677263220441088.000000
-6940956523757568.000000
35467874290106368.000000
-8150626546483200.000000
-19146352172728320.000000
-3880448459538432.000000
9081544064892928.000000
6193901186580480.000000
-18529942761373696.000000
-2954360094982144.000000
13089161942663168.000000
-4615563519197184.000000
307011512222875648.000000
95883504205692928.000000
25728673021689856.000000
107962687408832512.000000
-30632318787911680.000000
-38261930904780800.000000
53645614700822528.000000
-6214249131016192.000000
66738947056730112.000000
77376412817817600.000000
89853937057792000.000000
141697284696965120.000000
-100675605376270336.000000
-28851449253330944.000000
-33969916398796800.000000
2825274316029952.000000
-23720986264207360.000000
24827773566582784.000000
90796776868544512.000000
-1534759721238528.000000
-55659567815589888.000000
76063209387196416.000000
122368772223795200.000000
1111005698457600.000000
-27272915628064768.000000
-11851166610620416.000000
7955716635623424.000000
18185649592991744.000000
3463829652504576.000000
5928566160097280.000000
-36715858642337792.000000
-50232369830952960.000000
2126628360552448.000000
44088917330231296.000000
23122315067785216.000000
13890039125639168.000000
-5335802154319872.000000
-20839986626560000.000000
5389824252968960.000000
-8645130827333632.000000
17350873306890240.000000
-28129261239926784.000000
54395189573189632.000000
-53292559799156736.000000
2638221242531840.000000
10999032214192128.000000
26952730111115264.000000
-13010137765642240.000000
42560922585137152.000000
60460628287946752.000000
-91676772717821952.000000
-5174290446024704.000000
273094224205840384.000000
204079855015297024.000000
71532830638735360.000000
9040404720648192.000000
-7185586049777664.000000
-366816457918513152.000000
56045509281841152.000000
413785807950708736.000000
135470793298542592.000000
-78430767159443456.000000
-131694237145104384.000000
75354153236299776.000000
-245195353601605632.000000
26569387100078080.000000
99628638378393600.000000
-67621524181352448.000000
48330206124965888.000000
-93837424735551488.000000
-7271695312224256.000000
37220723458048000.000000
113185144302469120.000000
53714922588078080.000000
-51615332120395776.000000
-140521537399685120.000000
-90234728858255360.000000
106798768451485696.000000
8992136267563008.000000
-102222034120998912.000000
47427103351635968.000000
18906025130196992.000000
44892733344579584.000000
-183207001151504384.000000
-78047888004874240.000000
64750707911163904.000000
95445941527511040.000000
158765991537410048.000000
41561299011764224.000000
17081587447365632.000000
-167766593722384384.000000
275624269180829696.000000
139424534032809984.000000
-41561071378497536.000000
162377681076224000.000000
-137423044913135616.000000
-119406163912556544.000000
-5039423641092096.000000
209503470997209088.000000
126383956760199168.000000
1010574330691584.000000
-213167490417557504.000000
-92096047425257472.000000
-25309452001345536.000000
-46911419513307136.000000
28123847433650176.000000
-659174132285440.000000
71950855510687744.000000
-6715991505502208.000000
-51721941798617088.000000
13684250062618624.000000
95403034804224000.000000
23517211540848640.000000
78411388267003904.000000
92417834965008384.000000
-94268270084882432.000000
-7208580767809536.000000
108955546408714240.000000
-59229798035095552.000000
23540537508233216.000000
315770565447122944.000000
23055154664177664.000000
87518454101311488.000000
-8265651139379200.000000
-121641196173918208.000000
51113825969111040.000000
18177618004148224.000000
29446744605458432.000000
-78717155578740736.000000
89462304759873536.000000
-21254296351801344.000000
-6990806598549504.000000
-10442511826812928.000000
61288852601438208.000000
-45207331109076992.000000
-68353773155647488.000000
-12931155464552448.000000
33912694549512192.000000
15230236425715712.000000
12278225946279936.000000
-9790989984071680.000000
-28794167274504192.000000
-54607880648654848.000000
10868471650844672.000000
1215678279319552.000000
-2487429504172032.000000
32241144817516544.000000
-11390932947566592.000000
-35343199979438080.000000
6546093336690688.000000
16520222336876544.000000
2484650123460608.000000
-10636525163249664.000000
8693174868377600.000000
15215090223546368.000000
-8536786519195648.000000
10839319.000000
3564983.750000
-24193600.000000
-6204452.000000
18048970.000000
-32673434.000000
9792680.000000
4089969.000000
-2202717.750000
-8794753.000000
-2177995.250000
-24109054.000000
-28602090.000000
-23026226.000000
21273028.000000
3111533.750000
-8392073.000000
-8427053.000000
22699958.000000
-17475712.000000
-15882533.000000
48750144.000000
-7516491.500000
1128528.625000
-29465330.000000
23462032.000000
-13218748.000000
-20325568.000000
-13545744.000000
4203403.500000
7155973.500000
-11719569.000000
-16039727.000000
-6580024.000000
47447424.000000
-18897550.000000
38253608.000000
-21140768.000000
3785762.750000
44044704.000000
13146715.000000
-528272.000000
55499936.000000
-18853826.000000
2738578.000000
-22900336.000000
-20879844.000000
-10390089.000000
-5136545.500000
-23912640.000000
-18524556.000000
-4225734.500000
36799596.000000
53039264.000000
23203262.000000
26737048.000000
1379533.625000
39450916.000000
-84042456.000000
18167470.000000
-90976440.000000
-528272.000000
22141506.000000
8906616.000000
-21220510.000000
-9622164.000000
3029512.750000
-31640074.000000
-10552730.000000
-3918410.750000
-8756922.000000
28219568.000000
-9358438.000000
-10889000.000000
-3866624.250000
-10803047.000000
-11040008.000000
-26664666.000000
28127898.000000
3332207.250000
-2726237.000000
-8729394.000000
14070613.000000
4682010.500000
2992647.250000
-18422572.000000
15021516.000000
9064399.000000
-11406164.000000
22951248.000000
32096382.000000
45873920.000000
14252801.000000
-43937124.000000
7335507.500000
-18917210.000000
-8444345.000000
-15968915.000000
24091914.000000
4863489.500000
-34292236.000000
-17183662.000000
31769706.000000
-3165533.750000
12219421.000000
70884064.000000
16282441.000000
5850204.500000
-11249728.000000
-7343928.000000
-8264539.500000
-10667943.000000
15825789.000000
8316638.500000
-34607840.000000
-139597.671875
-8393483.000000
-3726133.250000
21312086.000000
20013116.000000
-1200937.625000
17144178.000000
-23307760.000000
-24791690.000000
4948700.500000
-14033832.000000
16282441.000000
-52840044.000000
-5024565.000000
17067194.000000
14562064.000000
3464887.250000
828318.062500
-1642899.125000
8969263.000000
1467396.875000
4823703.500000
-8832720.000000
-2062173.375000
-13364577.000000
-2147609.750000
-3681141.750000
2914228.000000
5189214.500000
11838649.000000
-20284728.000000
-4318861.500000
-12227859.000000
-9404599.000000
-12676155.000000
-7884938.000000
-1842387.625000
-5483607.000000
15307025.000000
5527070.500000
1185647.875000
-705686.500000
-10250777.000000
2374830.500000
-2282128.750000
14645872.000000
-6414825.500000
-4452650.500000
-6109631.500000
-2938645.000000
1772620.500000
823515.687500
3919875.000000
-4165044.750000
-2589399.000000
5652409.500000
-7535090.500000
-8523417.000000
-10273149.000000
-5890045.500000
589377.062500
644267.500000
-1808047.875000
8654667.000000
-5059926.500000
3291339.000000
-1786954.500000
1141487.000000
5056279.500000
8646493.000000
11305699.000000
-15871239.000000
-8555241.000000
4654343.500000
2992968.250000
7859556.000000
-7535090.500000
-2822965.750000
11809173.000000
3289045.750000
15750844.000000
-6713625.500000
-32872928.000000
-5908849.500000
6772051.500000
32482526.000000
27740938.000000
793420.812500
-8485457.000000
5866037.500000
-8715381.000000
2835671.250000
-4055425.750000
-14010092.000000
49626036.000000
-23998736.000000
19536626.000000
4873625.000000
50597588.000000
36937632.000000
-10129495.000000
-75540600.000000
-12547637.000000
-5758433.500000
8276885.500000
41990544.000000
42000596.000000
-25477032.000000
56553964.000000
12602437.000000
-1616819.625000
31589898.000000
-12696017.000000
-53520732.000000
-12845007.000000
-30753874.000000
31176126.000000
-31127950.000000
26215378.000000
-55236400.000000
72470632.000000
-25463376.000000
-13650747.000000
11737493.000000
340171.156250
-23059168.000000
9622865.000000
-5572464.000000
17760470.000000
18668242.000000
9374291.000000
-22884914.000000
-27234480.000000
-36357916.000000
47437904.000000
24882938.000000
-9692083.000000
25546752.000000
-38871408.000000
-11739096.000000
-40522612.000000
-25463376.000000
-36095676.000000
17137218.000000
-30980018.000000
31831318.000000
-50931264.000000
-2613993.250000
-8228150.000000
16784804.000000
47423232.000000
-25132.500000
19171634.000000
-8659324.000000
-2522095.750000
-8748263.000000
-17261488.000000
-14765173.000000
-23531216.000000
-9254759.000000
-11762523.000000
29069602.000000
-2204962.750000
6778612.500000
2547809.750000
2275176.750000
-346425.843750
1730406.125000
16817286.000000
11526707.000000
15629600.000000
12976699.000000
3789046.000000
13668140.000000
-15087243.000000
726367.500000
-2529901.000000
-27303776.000000
8908887.000000
-25703546.000000
458932.843750
24054322.000000
22734694.000000
-799415.937500
484900.000000
39157424.000000
-23470282.000000
446877.375000
3641992.250000
5179803.500000
1498170.375000
-8948035.000000
893319.812500
9780001.000000
-13194439.000000
-41556748.000000
-2147601.750000
20688510.000000
-12745477.000000
30875030.000000
21528486.000000
428426.093750
-3812381.750000
-54318748.000000
8787679.000000
-9610487.000000
-23470282.000000
4438019.500000
4020116.250000
-22491342.000000
1369103360.000000
109287336.000000
270927840.000000
139324944.000000
-18819750.000000
154358832.000000
-35815436.000000
-55710672.000000
139878176.000000
-15807645.000000
138605104.000000
2789162.750000
1058150.000000
20012678.000000
-54206944.000000
2282010.250000
-46920048.000000
766632.687500
289418912.000000
58555668.000000
1857505.000000
256352064.000000
-15545841.000000
-8622433.000000
-45438108.000000
51844300.000000
347362624.000000
127130264.000000
198545984.000000
-1400162.375000
-60977600.000000
1672106.625000
-10023124.000000
349379584.000000
253900016.000000
288523360.000000
-48425956.000000
134986512.000000
35586172.000000
184917616.000000
132868312.000000
-126110208.000000
-115516320.000000
19201022.000000
57735724.000000
-12265187.000000
-9471551.000000
5086864.500000
-2290710.750000
35287764.000000
83971720.000000
-23329778.000000
-1309054.375000
239515136.000000
-71953384.000000
19367296.000000
-110350888.000000
142624128.000000
-15141115.000000
118148968.000000
223628752.000000
-126110208.000000
14233976.000000
-62664252.000000
-23783816.000000
-20594050.000000
-17101054.000000
-17744858.000000
-7581982.500000
-2608910.000000
-11859481.000000
3984221.250000
-7799453.500000
-5820458.000000
-122436.335938
-5815298.500000
2302310.250000
-24033754.000000
-2992555.250000
845613.312500
-17447466.000000
-3252968.250000
-16027232.000000
10011733.000000
21306788.000000
-23805984.000000
48956148.000000
-11392541.000000
4252238.500000
7281416.000000
9508649.000000
-26762898.000000
-19522496.000000
-52054540.000000
13733041.000000
-2814040.000000
4324313.500000
-9462879.000000
13417625.000000
26904638.000000
-14648789.000000
6885291.500000
17868332.000000
-19164574.000000
42866828.000000
5794816.500000
-23248622.000000
18782418.000000
4151329.250000
-11024.000000
-3973440.750000
-16967670.000000
2817357.000000
-25445082.000000
-26752062.000000
-3890379.250000
-17268042.000000
28744328.000000
-19900362.000000
24246974.000000
-2709888.250000
12633613.000000
-1264336.375000
-59384860.000000
-6428501.500000
-11706661.000000
-23248622.000000
4548499.000000
-2841316.750000
-20358386.000000
-9676701.000000
-9880281.000000
1346928.375000
3067680.750000
-24470600.000000
8281031.500000
-38043844.000000
17573682.000000
5618960.500000
14112060.000000
5661246.500000
5447600.000000
-26327630.000000
12501744.000000
39303616.000000
13445197.000000
2525277.500000
7852294.500000
16123935.000000
20991870.000000
3047781.250000
-13604787.000000
14140173.000000
-11158255.000000
-29472654.000000
-21291064.000000
36112544.000000
11553413.000000
3629169.250000
3211824.000000
-12270837.000000
-16366184.000000
11701525.000000
-23219082.000000
-24766064.000000
-899727.000000
-4565780.500000
7810187.500000
-11417540.000000
-14968800.000000
11433216.000000
-11234400.000000
7066300.000000
2963000.000000
-2434888.000000
-7394077.500000
3927480.750000
-4117562.000000
3423166.000000
16621121.000000
8962127.000000
14121101.000000
-10284863.000000
-22368104.000000
-20099640.000000
-35434824.000000
19550764.000000
-10649652.000000
-11047592.000000
-9844105.000000
-1826047.375000
-11234384.000000
-9123933.000000
21741742.000000
9592112.000000
42911412.000000
-10607601.000000
7318936.500000
3443993.750000
-5596252.000000
8900233.000000
17748890.000000
-6405928.000000
-1593762.500000
-14938235.000000
-2835118.750000
-915754.312500
-1220394.875000
6753356.000000
-8989820.000000
-2195498.000000
-12667756.000000
3445661.000000
710487.312500
11486264.000000
-14805659.000000
-3204275.250000
-14232497.000000
-19493062.000000
-3918347.000000
-5706293.500000
-8074964.500000
8220457.500000
7884436.000000
-5453648.500000
-9331875.000000
18589272.000000
-8586741.000000
-14824703.000000
-4127627.000000
7666256.500000
5290129.500000
-37206100.000000
-8722192.000000
4807506.500000
-4261534.500000
22265152.000000
1204877.875000
-8664815.000000
20134446.000000
8238028.000000
-11524635.000000
-4882382.000000
4706825.500000
-4272037.500000
17232046.000000
24866390.000000
20675400.000000
14066419.000000
684720.500000
6504469.500000
3568067.250000
-11552887.000000
-19669112.000000
-7824112.000000
30798168.000000
22265152.000000
17260002.000000
-7779419.500000
4495600.000000
19486362.000000
-28509206.000000
-55440000.000000
-16089419.000000
-42396396.000000
70319784.000000
53942124.000000
-23047130.000000
-15491600.000000
1914528.000000
-15182153.000000
-16589789.000000
19248026.000000
5933292.000000
40344084.000000
275879.656250
-30025454.000000
-7829841.500000
32235210.000000
19968348.000000
-20050514.000000
-12957264.000000
-21082006.000000
5737268.000000
52219676.000000
30044962.000000
-4281992.000000
-18517852.000000
50908404.000000
20494678.000000
-27049520.000000
27119522.000000
-31963334.000000
89355176.000000
-44188484.000000
-50530208.000000
15794576.000000
-53784608.000000
20557694.000000
-2209530.250000
27266960.000000
-28624264.000000
-65290996.000000
-15469415.000000
-15470872.000000
-72180416.000000
-16667312.000000
-7584264.000000
11862416.000000
-3824930.000000
1282026.000000
-21940278.000000
-26188598.000000
-41360772.000000
24730806.000000
-22701174.000000
-30794206.000000
-41874932.000000
-16649947.000000
59794924.000000
-67305272.000000
-28624264.000000
27218760.000000
-1869103.375000
-41197220.000000
59316268.000000
-50688852.000000
-40687380.000000
-24620856.000000
-23301608.000000
-12095601.000000
32668080.000000
-14465175.000000
-22272324.000000
-26115018.000000
-22094058.000000
-67843.664063
-4755055.500000
-72552648.000000
13541709.000000
-63054220.000000
2032659.125000
-72433584.000000
-16816890.000000
-5494040.500000
-15519128.000000
122226368.000000
-7950728.000000
8861093.000000
-45569516.000000
65124916.000000
-66644188.000000
-72078720.000000
-7235321.500000
3116331.000000
39886452.000000
-51333040.000000
-26637592.000000
72642656.000000
41610864.000000
-37019504.000000
63852608.000000
-79257544.000000
22044910.000000
135008560.000000
524957.312500
-11374509.000000
-35045428.000000
-47566972.000000
-2108225.250000
-5340720.500000
5347401.000000
-24815648.000000
-8145333.500000
-124008712.000000
-7243470.000000
43616904.000000
29613322.000000
80636360.000000
29072538.000000
17343722.000000
-52954676.000000
16849434.000000
-123499272.000000
52209284.000000
-95099368.000000
-11374509.000000
114559560.000000
19234880.000000
17295686.000000
21510070.000000
-20166822.000000
11239759.000000
3329310.750000
-9865387.000000
20893094.000000
-18240078.000000
-8859117.000000
2309975.250000
-4946084.000000
2308669.000000
-13111133.000000
-7687904.500000
-20621526.000000
-6500764.500000
-24895966.000000
-9485401.000000
7407276.500000
36157352.000000
41958224.000000
-7805157.500000
18333718.000000
-8273436.000000
12208589.000000
-23957174.000000
23154634.000000
-8493297.000000
21832338.000000
70195376.000000
-21430166.000000
-28422974.000000
104431.460938
21499352.000000
33067978.000000
-26822958.000000
19038530.000000
6902873.500000
14546283.000000
-8123602.000000
30239096.000000
19033038.000000
27330694.000000
36133168.000000
-20538432.000000
-17933290.000000
27100098.000000
10710688.000000
8505059.000000
-14937168.000000
35139260.000000
-35538464.000000
13207277.000000
18564168.000000
-17697982.000000
4139051.750000
2412769.750000
-2988472.000000
-41551984.000000
-60042572.000000
-15849229.000000
-18056978.000000
27330694.000000
-24431602.000000
21394048.000000
51211764.000000
8584738.000000
-19898190.000000
-5000594.500000
-1946265.125000
-16841162.000000
9256081.000000
6684891.500000
-2581179.750000
-891587.312500
-5672824.500000
-813078.312500
9916849.000000
-5787525.500000
-2508760.750000
-7613218.500000
-4555449.500000
-3575020.750000
22993374.000000
-3456608.250000
-19890112.000000
1032558.812500
9800379.000000
-136220.000000
-8465983.000000
-6444085.500000
1471042.625000
-15319300.000000
3829368.250000
-6433299.500000
5636672.000000
-26771240.000000
-22918160.000000
15462256.000000
1625901.500000
-6935162.500000
-5846318.500000
9405821.000000
-2429894.000000
-4138249.750000
-2213269.250000
-15442629.000000
-7256342.500000
-14913271.000000
12446064.000000
-8186576.000000
3252874.750000
-1037624.750000
-8461683.000000
-14160928.000000
-10280480.000000
10315299.000000
11826267.000000
7212438.500000
11070989.000000
899539.750000
1563273.125000
-8825229.000000
942930.812500
-2879462.000000
1153059.875000
-13628588.000000
-7256348.500000
886721.937500
24046922.000000
12119827.000000
411902688.000000
-21902042.000000
-4341611.500000
-33535018.000000
-22270522.000000
3292079.750000
30345488.000000
27984694.000000
-31866970.000000
212864.921875
-31028808.000000
7702776.500000
-5579398.000000
-37409416.000000
-25684886.000000
-41863156.000000
-34056084.000000
-22486326.000000
34580800.000000
67211528.000000
-9809898.000000
79815624.000000
21884018.000000
21924338.000000
-59858624.000000
57190848.000000
68782528.000000
26729910.000000
60330588.000000
-2101440.500000
-51112812.000000
20465982.000000
-5012827.500000
56627232.000000
-15036143.000000
2663845.250000
52452108.000000
31502074.000000
24956896.000000
72426296.000000
41575796.000000
58332896.000000
-50533216.000000
-15102195.000000
55287292.000000
-30560906.000000
-16748764.000000
-12156131.000000
-53463596.000000
-69166824.000000
57718884.000000
18762848.000000
-11003317.000000
35430652.000000
45740652.000000
39173704.000000
4902474.500000
-896141.312500
-19683622.000000
3251982.750000
31654650.000000
58332896.000000
94268840.000000
-49933996.000000
-11415547.000000
25087362.000000
27092374.000000
10289286.000000
-1159379.625000
-4897020.500000
-33326368.000000
13231640.000000
-10862751.000000
-4703005.000000
-1275103.000000
-5090625.500000
5683992.500000
-19050406.000000
8623852.000000
2442609.250000
-8687833.000000
5038642.000000
5731723.500000
-23073010.000000
8945912.000000
-6116538.500000
-6139200.000000
6481641.500000
-5731282.500000
19055336.000000
44894900.000000
-6970414.000000
-29464586.000000
14605171.000000
1460871.375000
2342720.500000
9881704.000000
-17013342.000000
-11809795.000000
-17321648.000000
12072197.000000
9872345.000000
4593748.000000
11245811.000000
2880613.000000
5500878.500000
-13367125.000000
-28001202.000000
-11925773.000000
-36466772.000000
-13411483.000000
18069910.000000
1714421.625000
-891204.062500
10532343.000000
3274947.000000
6179078.000000
-18095984.000000
-2070188.000000
4766936.000000
-3773475.750000
-5717371.500000
22698272.000000
-53475808.000000
23374798.000000
14209777.000000
-13367125.000000
14379581.000000
-15357533.000000
6943944.000000
-6188176.000000
10085335.000000
2513364.750000
-16861934.000000
10209653.000000
-18731254.000000
11562708.000000
2131892.250000
-20733384.000000
-1096152.125000
-21251266.000000
-16518408.000000
2677022.000000
-24742382.000000
19466898.000000
34061388.000000
1464724.000000
-12280227.000000
-6693009.500000
4275886.000000
3407638.250000
5114787.500000
3180237.250000
-8002060.500000
10698492.000000
7878119.500000
-6608530.000000
735836.812500
27322438.000000
-15852032.000000
-11863577.000000
1109446.625000
-3653300.750000
-338022.250000
11986293.000000
2050894.625000
1960813.375000
10744808.000000
3710087.250000
7706076.000000
-2501609.750000
1419756.000000
1792426.125000
-814003.812500
24543384.000000
-5122194.500000
9669063.000000
-7792364.500000
-6686397.500000
-24240190.000000
4461542.000000
-11933235.000000
3601519.250000
15086109.000000
-4171862.750000
-13630059.000000
-2245894.250000
-7868844.500000
20774512.000000
16172805.000000
-11180983.000000
1419756.000000
2224739.250000
2759031.000000
2167625.750000
-12434204.000000
-55932260.000000
2096633.625000
4692498.000000
31881542.000000
-7373021.500000
-15814416.000000
20010256.000000
6054692.500000
14327156.000000
6864958.000000
837233.812500
6048982.000000
-21087120.000000
7095902.500000
21290570.000000
-6958074.500000
14526560.000000
5495970.500000
2855336.000000
7012121.500000
-438163.843750
6456026.500000
-14037723.000000
14965336.000000
-3049426.750000
4385886.500000
-18228766.000000
12115703.000000
13479921.000000
-4051915.250000
-16544861.000000
2807644.750000
-5959113.500000
2244290.500000
1742170.625000
-9691701.000000
7060156.000000
1600744.875000
63546.167969
6954746.000000
-12076419.000000
17002244.000000
-24751952.000000
16894612.000000
1249345.375000
9843079.000000
2887550.750000
1270274.625000
-32368650.000000
-20940606.000000
-6745338.000000
-571507.812500
12820132.000000
16858418.000000
-15947971.000000
10175823.000000
-19133.666016
1755218.375000
-22228874.000000
18279902.000000
-12076419.000000
-8792452.000000
14817684.000000
662663.500000
-18194974.000000
-4642640.500000
-7380462.500000
4620147.500000
-15868243.000000
13280296.000000
-42981276.000000
-1059410.875000
5700203.500000
-18482864.000000
6020134.500000
11507144.000000
16257884.000000
-3702292.750000
-5673951.500000
8833030.000000
-7443514.500000
-3943622.250000
-25246672.000000
-28285808.000000
-11654685.000000
-1252495.625000
-469266.281250
-3689153.250000
36212696.000000
-3281133.000000
-16277176.000000
-27745352.000000
26100048.000000
8238550.500000
1014555.562500
-8920736.000000
-2817508.750000
-207896.750000
9884016.000000
-5804944.000000
31902544.000000
17876450.000000
-37428960.000000
-9151236.000000
20565988.000000
-11865601.000000
19713962.000000
-31272474.000000
2268630.500000
29139022.000000
146966.328125
38332644.000000
-13485840.000000
-25551744.000000
-4861398.500000
-17182208.000000
8916025.000000
26455802.000000
1052437.125000
28669624.000000
-4548753.000000
36032512.000000
-22075998.000000
16388499.000000
1200819.625000
-11865593.000000
16173104.000000
1652587.000000
-4575319.500000
1940830.375000
-1614333.875000
-1342498.375000
2574182.750000
6748138.500000
-2124795.250000
4469982.500000
4438866.000000
3108818.000000
-642450.062500
3099802.000000
-9169469.000000
-6238421.500000
-425690.718750
-2486577.000000
-13384427.000000
-13834932.000000
3493120.750000
-4808303.000000
12546915.000000
-11257376.000000
6137980.000000
3616542.250000
4950698.000000
-15906117.000000
-5910604.500000
13512504.000000
889523.687500
-11450256.000000
-8962012.000000
5453462.500000
1940240.000000
1769897.375000
-6946501.500000
15328549.000000
-1603842.625000
-905368.500000
88629.945313
-4026003.000000
3958729.250000
-753868.437500
6456814.500000
2285633.500000
10573820.000000
1859782.125000
-7235928.000000
5117462.500000
3281310.750000
-737507.312500
5608442.500000
2299163.500000
14318297.000000
9325549.000000
-3593024.750000
4061034.750000
-6800349.500000
-6116034.500000
19796294.000000
-24375278.000000
-12716707.000000
-7994641.500000
6456814.500000
-10376121.000000
6256791.500000
-7144381.500000
37142376.000000
-436409.343750
-11532777.000000
-25480326.000000
-34084464.000000
-22537782.000000
-9034539.000000
6347697.500000
-26348456.000000
2844826.750000
-26174752.000000
-36668700.000000
25404282.000000
-21774398.000000
5167124.000000
28707216.000000
-22772934.000000
-20677264.000000
6689937.500000
35797628.000000
17130836.000000
-18573294.000000
-9565481.000000
-18379410.000000
34469540.000000
-7526281.500000
-9395175.000000
-12627309.000000
10321435.000000
-19558160.000000
-12870028.000000
5318855.000000
-32770226.000000
17075326.000000
15360675.000000
-12457843.000000
13559059.000000
-14875637.000000
-19317046.000000
-25936130.000000
22502040.000000
13207133.000000
-36899784.000000
-20110996.000000
11976311.000000
3657265.000000
8345635.500000
-2857055.250000
-12603751.000000
-14472177.000000
6314423.500000
28578646.000000
-34866700.000000
-1454312.875000
24419056.000000
-17108558.000000
-42989172.000000
41962068.000000
-15557900.000000
10229243.000000
-31316072.000000
13207133.000000
45393892.000000
-14241376.000000
-6659125.500000
2054620.625000
1564853.125000
155002.671875
4048803.250000
-1692095.375000
-1621696.625000
-3847782.750000
-309962.531250
4253550.000000
1576819.375000
4368270.000000
1049892.500000
331487.343750
-1895690.500000
-364542.000000
1393638.625000
2699789.500000
1570133.000000
-605472.625000
805419.562500
1469536.125000
1409212.125000
-2900956.250000
3908716.000000
5391677.000000
5888350.000000
-5881.500000
1676431.000000
855005.687500
779258.312500
-1225880.125000
1022865.250000
-1766488.375000
3335396.750000
-4115502.750000
-24748.458984
-4647336.500000
307926.375000
-307969.593750
-1419074.625000
-2251241.000000
-1019932.187500
-3449521.000000
629627.937500
-2318823.250000
7134855.500000
3943761.750000
-941125.500000
6314292.000000
-5780688.000000
-1790272.375000
4702785.500000
-3305336.000000
-1219301.000000
-4973332.000000
554717.687500
-1733219.125000
-639397.000000
-2689450.250000
8483476.000000
3853232.000000
-1019934.187500
253636.125000
-4955821.500000
811519.687500
3513207.000000
13412788.000000
9858333.000000
-8049330.500000
-6842690.500000
9598496.000000
12895773.000000
-12631408.000000
-6954180.500000
7749478.500000
-6674024.000000
17250086.000000
-3257268.750000
-4226074.500000
-5899919.500000
-5335014.500000
-1937762.125000
18156194.000000
17276710.000000
9471945.000000
-8464919.000000
2267591.750000
-27002922.000000
-11413699.000000
-8827310.000000
5883602.500000
-2122493.000000
-7573802.000000
-3144501.000000
6743811.500000
-5365156.500000
-51355956.000000
2181897.750000
-6173786.500000
11249596.000000
7738160.500000
-655060.437500
-5575156.500000
2352683.750000
13286157.000000
-6292342.000000
14409687.000000
-22259172.000000
11910617.000000
-2147171.000000
-13222885.000000
-19664414.000000
-12377229.000000
-1872698.875000
-12604793.000000
5063668.000000
22620320.000000
-8073714.500000
-15383743.000000
-13693228.000000
17072058.000000
16129240.000000
2091831.000000
-15628672.000000
5931417.500000
6653038.500000
14409679.000000
31136378.000000
-43191000.000000
7449165.500000
23361178.000000
-23814726.000000
4584750.000000
-1636682.875000
-16054245.000000
-12280215.000000
15704044.000000
-97970.625000
-1382327.000000
14751281.000000
-1310865.625000
-4689960.000000
-20727506.000000
-14683564.000000
-14959905.000000
13115647.000000
17287318.000000
-19882302.000000
-4765000.000000
-22462074.000000
-8523791.000000
-16871144.000000
5562387.500000
-2406524.750000
-3359192.000000
-3385881.750000
-6114095.500000
3317535.250000
11695540.000000
10195287.000000
1631760.625000
-21547074.000000
4968728.000000
-4549400.000000
-3718211.250000
4865673.500000
5330039.500000
-13082971.000000
-15084876.000000
-5156022.500000
-2433008.500000
6067459.500000
-10664441.000000
-5616472.500000
-11762661.000000
8879653.000000
-9288527.000000
16093432.000000
10831526.000000
16155085.000000
3629440.250000
4051922.000000
-10833957.000000
-11266261.000000
1979664.875000
20211766.000000
-25870710.000000
-14502309.000000
-5972554.500000
7610044.500000
-5053798.000000
6067459.500000
6993222.000000
10960977.000000
-12767136.000000
-816311.687500
-46120640.000000
4039197.000000
25706610.000000
42730064.000000
-18951534.000000
64155488.000000
9286310.000000
20129132.000000
-8099829.500000
20816772.000000
21082938.000000
12657080.000000
20793070.000000
14348397.000000
16410813.000000
-34531316.000000
25853058.000000
-78751864.000000
28331392.000000
-9248144.000000
51389536.000000
5488343.500000
-8462723.000000
-48195404.000000
74462856.000000
65118652.000000
-7939372.000000
47452268.000000
14979368.000000
5538875.500000
-30132210.000000
5861855.500000
3372961.000000
-69330144.000000
-1709146.125000
-16891474.000000
151975360.000000
21908406.000000
46500576.000000
28143490.000000
2691500.750000
-25012848.000000
39459776.000000
-2471923.250000
10018279.000000
-32225182.000000
18117416.000000
-29400736.000000
-95875944.000000
-9516482.000000
25419584.000000
17966514.000000
-15024101.000000
5313026.000000
24882566.000000
-23717470.000000
-90228792.000000
-21797716.000000
-10257215.000000
47204524.000000
2691500.750000
32601930.000000
-20593832.000000
7130852.000000
-225583.000000
-1340037.125000
-724826.937500
2409650.000000
13682699.000000
-3463082.750000
2480239.500000
-3577341.000000
2296389.750000
2443668.000000
2272946.250000
-3417349.250000
-3813549.250000
-648486.250000
-132695.375000
1307538.875000
-13456824.000000
-10613229.000000
-10172252.000000
4799558.000000
-3466443.250000
-11145193.000000
-5480386.500000
-2311538.000000
-5394868.500000
-1499959.000000
8493743.000000
-5239050.000000
-3549554.750000
-2963215.250000
3464002.250000
2672701.250000
7280436.500000
-5499969.000000
9190376.000000
-1728420.375000
10255539.000000
4803158.500000
2866761.750000
-13275169.000000
2984451.750000
-1368683.625000
4764543.500000
11480800.000000
6047547.500000
-5728704.500000
-1515653.000000
-860368.687500
7034071.500000
963183.812500
-2166413.000000
21622390.000000
-1253713.375000
2831770.250000
3724185.000000
-14882767.000000
1825363.375000
4061938.000000
-17788878.000000
-7775016.500000
-8222732.500000
-1368677.750000
-4987267.500000
11563069.000000
-3018051.750000
96673120.000000
53580724.000000
-41388056.000000
13448453.000000
-48094676.000000
-1248633.625000
-47306164.000000
5707332.000000
21226442.000000
6680082.500000
22424630.000000
13723048.000000
22176664.000000
-12791367.000000
30413150.000000
-29134928.000000
-46812724.000000
-27674886.000000
76028696.000000
27683482.000000
31027168.000000
-15466465.000000
-3949664.750000
9445423.000000
4266378.500000
-49655296.000000
77349040.000000
12923588.000000
112792136.000000
-1444605.000000
-3242979.250000
27654754.000000
-3314400.750000
72021176.000000
-29775360.000000
-26137638.000000
-3661209.250000
-12688256.000000
607919.312500
-22916440.000000
-42249888.000000
-11260620.000000
26278330.000000
38516772.000000
-10518555.000000
-37451080.000000
-49866740.000000
-11315284.000000
-3066444.000000
23095590.000000
-35748160.000000
-32560032.000000
10824456.000000
-25904162.000000
25184046.000000
38933332.000000
-77148480.000000
-34116192.000000
-53671312.000000
1204000.000000
32592880.000000
-11260620.000000
25214742.000000
36333284.000000
1771075.625000
4330674.500000
-1681848.125000
-1234094.625000
2769600.000000
-6988894.500000
9933361.000000
1511383.000000
6426548.500000
1894743.375000
-4101279.250000
1781077.875000
6151433.500000
8693237.000000
-7406092.000000
-4203898.000000
17191994.000000
10309419.000000
-6582095.500000
2242179.000000
-266017.656250
6474606.500000
-9813207.000000
-1687696.375000
13619759.000000
19669218.000000
-1890602.375000
7145010.500000
17407666.000000
-2709618.750000
12689080.000000
-10301265.000000
13132603.000000
-15406637.000000
-14463804.000000
-27546370.000000
781780.750000
-3200668.750000
-10271050.000000
-12646921.000000
-8867683.000000
-14351725.000000
4276129.500000
-2265309.750000
17130606.000000
-14131084.000000
-15142744.000000
-689713.500000
-4810077.000000
3495700.750000
1192778.375000
1433792.625000
-608077.000000
11849668.000000
5788382.000000
-5785617.500000
21327888.000000
-2798586.750000
17442872.000000
-5182493.500000
26374250.000000
6737772.000000
4276129.500000
9223331.000000
-5875130.000000
-10076349.000000
33486346.000000
-320497.500000
2062259.625000
1941064.000000
10779619.000000
15163088.000000
17982690.000000
15644304.000000
-3143818.750000
12292433.000000
-4320036.500000
3617850.750000
-11855041.000000
-6628665.500000
11058949.000000
-1605445.375000
12755385.000000
-14628532.000000
-3155123.750000
-10194316.000000
-2308148.000000
-4927564.500000
6656659.500000
-12929721.000000
-6420286.500000
3806482.750000
-1458997.000000
24114322.000000
10105552.000000
15450852.000000
2982563.000000
31285136.000000
-5663022.000000
-30506246.000000
-11832656.000000
7970593.500000
-5730188.000000
-21853614.000000
4430506.000000
1505194.500000
26577526.000000
5419654.000000
28431858.000000
-19428806.000000
22984478.000000
-5489589.000000
-27364122.000000
-9084088.000000
-728606.062500
447382.031250
15441424.000000
8083348.000000
2733402.250000
17377818.000000
2065285.875000
10320369.000000
4020332.250000
-11111464.000000
-28024952.000000
11246267.000000
29543784.000000
5419654.000000
27973702.000000
7464597.500000
-20115746.000000
24295658.000000
1913193.500000
15250053.000000
-16062793.000000
-6542814.500000
-22193354.000000
-5206714.500000
26633782.000000
-16161173.000000
-15984755.000000
-16321503.000000
-1473955.125000
-17042282.000000
7932249.500000
24297358.000000
14281116.000000
-4787843.500000
2411492.000000
-8054742.500000
17043876.000000
-4139326.000000
-39802076.000000
-24042982.000000
10892193.000000
22435530.000000
-1888842.875000
-13389745.000000
-1616926.625000
-13740461.000000
-16207704.000000
5722122.500000
11026181.000000
15114972.000000
-2932090.750000
31595798.000000
15975163.000000
-7474319.500000
13610037.000000
24610118.000000
-41253804.000000
16419728.000000
-14129325.000000
-15719483.000000
-48957020.000000
213358.328125
-5509318.000000
-836652.312500
9591072.000000
1022638.187500
46375232.000000
-1908358.375000
-34370812.000000
5076487.000000
45318172.000000
22669274.000000
-30777418.000000
12446300.000000
17134966.000000
-20236724.000000
-38184496.000000
-48193792.000000
-14129325.000000
-3890326.000000
-4790493.500000
53431444.000000
5009147.500000
-9183951.000000
-1422487.500000
-681862.187500
5857682.500000
5953733.500000
-5417258.500000
3192592.000000
-514551.968750
-3659369.250000
-580071.125000
1465519.625000
-3014654.750000
-5990626.000000
3188871.000000
3269540.250000
-3237755.250000
-452151.250000
2161545.250000
-14916188.000000
-15435833.000000
406817.531250
11177530.000000
-7227467.500000
14769727.000000
-1353919.375000
4831582.500000
-10162941.000000
10946939.000000
2202732.750000
8175949.500000
-9960972.000000
3573441.000000
-1820115.625000
-586560.250000
-2574031.500000
4099466.750000
1469772.125000
696211.812500
-5007226.500000
-2237439.000000
3315049.000000
-3504019.250000
907457.750000
5455234.500000
-5745792.000000
4679518.000000
-6867541.500000
8564084.000000
3124959.250000
-2519411.750000
2739593.250000
-501142.906250
-1394423.375000
5765702.500000
787830.250000
-4438430.500000
7705997.500000
-8836483.000000
-1351764.500000
2596824.250000
3315053.000000
-2153672.750000
2193577.250000
-13753981.000000
3748815.250000
-31507816.000000
6991852.000000
14175256.000000
17232080.000000
20607708.000000
-14602260.000000
-3054511.750000
15193193.000000
-9830243.000000
15764907.000000
5707224.000000
10939239.000000
-5773362.500000
21845248.000000
-14530644.000000
15621493.000000
8254201.500000
-11667520.000000
2552951.250000
-11720799.000000
-19360760.000000
22028134.000000
-5080425.500000
18448138.000000
7781414.500000
-33082730.000000
-3778726.000000
5298182.000000
783116.437500
6040515.500000
-11185889.000000
-2634858.750000
31417374.000000
-24030998.000000
4802964.000000
13201844.000000
9183584.000000
2295483.750000
-9878290.000000
8335709.500000
-11753132.000000
-18070710.000000
-12434039.000000
-8625984.000000
13108268.000000
4462029.500000
12085815.000000
14191361.000000
6736615.500000
4542676.500000
-6229668.000000
-679659.437500
11151249.000000
8722883.000000
-11413663.000000
-1176631.625000
-7404424.000000
-13656847.000000
5829224.000000
-9364364.000000
-11753132.000000
3706662.750000
-4109443.750000
639919.500000
-365107.656250
530650.812500
12351341.000000
696104.000000
17329552.000000
-53079284.000000
19430110.000000
-2868425.250000
-1514635.625000
-1054536.375000
-1052074.375000
-1053116.000000
-10834580.000000
4098586.000000
-15615897.000000
-3046874.750000
-6659947.500000
15157461.000000
-14266928.000000
12647609.000000
213234.171875
19174202.000000
-3790419.250000
76536.312500
3805537.250000
6461324.500000
52395872.000000
11326392.000000
-2570727.750000
-14958603.000000
1934447.375000
6450160.000000
4623718.000000
-3712050.750000
-17242880.000000
10427722.000000
-30993546.000000
48657220.000000
-19573466.000000
25321696.000000
45968940.000000
3255161.000000
15040797.000000
20825558.000000
-22278894.000000
6585512.500000
25775898.000000
9670321.000000
-11425656.000000
24346504.000000
6704140.000000
38438312.000000
4170507.250000
22872042.000000
-41420068.000000
-5648541.500000
8638539.000000
-27905872.000000
-33105334.000000
-10367189.000000
3949914.750000
3255161.000000
-17299966.000000
-12964268.000000
10737193.000000
3641285.250000
-15042764.000000
-1514282.125000
2629322.250000
2408707.250000
3925091.000000
1529907.625000
8799039.000000
3687092.750000
4894059.000000
4045556.000000
-6151046.000000
-4634498.500000
3256061.000000
-6749796.500000
1130521.125000
11521171.000000
4768699.500000
2910746.750000
12337848.000000
10185237.000000
-9677558.000000
11591347.000000
-3951232.250000
-4366965.500000
7935968.000000
9077069.000000
7000237.500000
1139815.875000
-6138328.500000
-515389.000000
-8304430.500000
-11033635.000000
-5573065.500000
-5992110.500000
-2300259.250000
10508101.000000
-618949.437500
-433521.500000
-7623177.500000
-8180004.000000
5531189.000000
-1433038.625000
7920441.500000
-1276190.500000
-740481.437500
-10556898.000000
1171913.000000
664184.062500
-3197245.000000
-5501391.500000
-8465227.000000
4045924.000000
-28648.396484
-10758145.000000
-1153602.750000
-13135637.000000
23073.666016
-1562416.625000
6400312.000000
8092621.500000
5531189.000000
-1225351.875000
-7008149.500000
-5839005.500000
21406008.000000
-46635756.000000
16325189.000000
-4344307.500000
5160629.500000
15478224.000000
-7266006.500000
10739159.000000
-2377533.250000
25264134.000000
-1777285.375000
8536667.000000
5219606.000000
-39255380.000000
-8218932.000000
1496235.625000
-12153984.000000
14712104.000000
10640002.000000
14707923.000000
11546469.000000
-14447515.000000
-6747395.500000
-16028805.000000
17683750.000000
17596010.000000
-9079133.000000
8026589.500000
12603787.000000
6497778.500000
-12720637.000000
-34744804.000000
8118391.500000
-33552314.000000
-15695057.000000
13793593.000000
4696051.500000
-10269839.000000
-10595898.000000
9744976.000000
-759827.500000
-7005456.000000
3052002.000000
-16684500.000000
2889709.250000
2230780.500000
3409489.250000
-3321047.000000
-6381651.500000
-18657434.000000
-25368366.000000
14662464.000000
-12940245.000000
-8299701.500000
12620983.000000
-3208997.250000
34377508.000000
4130131.750000
10629984.000000
9831824.000000
8297766.000000
-7005456.000000
22402158.000000
-26620118.000000
-18265338.000000
53280412.000000
-29737762.000000
-44817084.000000
-33605280.000000
-21601094.000000
-47348912.000000
17808620.000000
-25553110.000000
-33996336.000000
7635060.000000
-33490794.000000
-21091566.000000
23804426.000000
-25900342.000000
22938390.000000
9358980.000000
-17650298.000000
-27098406.000000
-20474806.000000
-10940579.000000
-13968904.000000
-48212356.000000
-4455192.000000
1897772.000000
2355287.500000
12366136.000000
-24419070.000000
-16856010.000000
-22088094.000000
-3480066.750000
7547520.000000
5768450.500000
-16317089.000000
-8729263.000000
8444124.000000
-46832420.000000
-5988585.500000
18287062.000000
13204837.000000
-35591836.000000
9978880.000000
-18554462.000000
10524244.000000
-49521204.000000
-26433616.000000
-3666660.750000
-10179326.000000
13997441.000000
-32708790.000000
22472576.000000
2777743.250000
-27836544.000000
-11933064.000000
-3038768.250000
-1228647.375000
-8598360.000000
-16112333.000000
34833364.000000
-36753108.000000
21398614.000000
-20946366.000000
-18554462.000000
29513046.000000
-23124016.000000
-24801254.000000
12901223.000000
-1292161.625000
8991345.000000
3948874.000000
-11962941.000000
-11317517.000000
4862490.500000
-12171545.000000
4008352.000000
-17494570.000000
4256161.500000
33159392.000000
14750504.000000
-6754746.000000
-9043892.000000
-13454191.000000
-21508938.000000
1693580.000000
19032350.000000
18860514.000000
6638515.500000
-10063266.000000
-4030313.250000
-5137561.000000
9712615.000000
517751.656250
9883635.000000
23588936.000000
31877808.000000
-9584285.000000
-28035894.000000
22753298.000000
39933180.000000
19273136.000000
7396242.000000
11171847.000000
-15617600.000000
-7131952.000000
-27899686.000000
-13837565.000000
-13590976.000000
8893713.000000
55756860.000000
15700216.000000
5695397.500000
-20430718.000000
-16219651.000000
797268.687500
2281697.000000
-9006123.000000
-306158.000000
8894075.000000
-23845440.000000
-8898681.000000
-3038973.750000
23644406.000000
-21292706.000000
-9587121.000000
20201298.000000
11554200.000000
-37381464.000000
8893713.000000
9513393.000000
8140840.500000
12206947.000000
-8963967.000000
-29605918.000000
-50806284.000000
-13778799.000000
-14305293.000000
74062176.000000
14772063.000000
-8800819.000000
-16657336.000000
-27331046.000000
-17087056.000000
15176280.000000
4437749.500000
4887578.000000
-16279904.000000
640253.250000
13553488.000000
-20377430.000000
17944250.000000
-15762668.000000
647993.062500
14953688.000000
16295516.000000
-7328492.000000
-45097204.000000
-447510.156250
-4373035.000000
21894134.000000
-19312346.000000
-12628305.000000
16256187.000000
-1803056.625000
-30138016.000000
60834800.000000
-50499020.000000
-44157756.000000
12896603.000000
57637364.000000
-43687180.000000
8891997.000000
56745328.000000
9108411.000000
-2639301.000000
-3069207.750000
22368868.000000
-14274345.000000
30817034.000000
-1672856.000000
21044212.000000
49701200.000000
18446366.000000
31995392.000000
-3768211.750000
32499126.000000
-12779179.000000
7835234.500000
3982534.750000
-186902.171875
-30092176.000000
-26695152.000000
-41891420.000000
9108411.000000
-42181924.000000
-3742454.750000
18299356.000000
-18258022.000000
-88310888.000000
-47753280.000000
7032915.500000
42372592.000000
76506888.000000
1188836.875000
-30012018.000000
10041807.000000
30350736.000000
10986772.000000
-29594462.000000
25016906.000000
-24980642.000000
50267532.000000
-12788336.000000
-29163184.000000
16857142.000000
37305208.000000
21743494.000000
23502920.000000
-12399767.000000
7358126.000000
-2882863.250000
2260309.750000
-4884052.000000
64221328.000000
-32220096.000000
-25640464.000000
-28999960.000000
18861032.000000
22460950.000000
-27028814.000000
56428436.000000
-111497352.000000
-46370732.000000
-7554708.000000
-72836992.000000
9874569.000000
-3725218.750000
-27796512.000000
-17823362.000000
-7852739.500000
-36545092.000000
-4454711.500000
-17878526.000000
21307606.000000
-1480853.500000
12178072.000000
-24815302.000000
25805664.000000
32257490.000000
-12509507.000000
-96959000.000000
33753600.000000
-1630905.375000
-38804160.000000
10804799.000000
12168069.000000
33932772.000000
58423540.000000
-17823354.000000
18191766.000000
-19930058.000000
-20866592.000000
18768522.000000
7877322.000000
13770037.000000
-69590376.000000
-36110192.000000
28915410.000000
-11306075.000000
-12694760.000000
-70079256.000000
-35341268.000000
-70294096.000000
540395.812500
-31618976.000000
-6093641.500000
20381906.000000
-14103333.000000
30492278.000000
-38978004.000000
-46672944.000000
-37578560.000000
-13885045.000000
-22397790.000000
-1501448.000000
23890208.000000
37481068.000000
443518.000000
-34220220.000000
-34797844.000000
3379934.250000
9830353.000000
-8516241.000000
9087984.000000
12210779.000000
53461584.000000
-4024880.250000
13512660.000000
-54619764.000000
4104355.750000
12842424.000000
-48778132.000000
-24265136.000000
-31461160.000000
-3656304.750000
-1296499.000000
-9761941.000000
31511240.000000
3432681.250000
-18076684.000000
-5860869.500000
40264784.000000
19771680.000000
-16356536.000000
-2861330.750000
30954506.000000
35293012.000000
4534134.500000
-18512966.000000
6558898.500000
-4057577.750000
-38043180.000000
-8702859.000000
-31461160.000000
-10292271.000000
33597404.000000
35139920.000000
4115044.750000
729509.437500
-1515427.625000
-1343056.375000
10833607.000000
-3853168.000000
2180658.250000
-5963085.500000
-1768761.500000
-7806000.000000
-1967897.000000
843970.312500
877924.500000
-876080.000000
3605684.750000
-5843214.500000
-307592.250000
-5032816.500000
-3440505.250000
2492866.750000
-573280.625000
7683420.500000
801034.062500
7727892.000000
4025591.750000
1334080.000000
271114.406250
-5700050.500000
-113185.289063
1709167.625000
10360924.000000
-2343195.250000
663084.562500
-6228440.000000
5301676.000000
-141497.937500
-5020209.500000
1716676.875000
-4949280.500000
5786850.500000
104630.000000
2830449.000000
-2297310.250000
5047247.500000
-3318138.750000
9173605.000000
-7145104.500000
-8627239.000000
6172193.500000
-5830436.500000
7813902.000000
-3773755.750000
-9132429.000000
-4474076.000000
344991.281250
1966693.375000
2650181.250000
4425268.000000
-3476194.750000
344421.468750
-5187856.500000
2830445.750000
5644009.500000
765678.250000
-5488128.500000
10852371.000000
-27679286.000000
-58243088.000000
6702162.500000
17899638.000000
2600773.750000
4928944.500000
-9166793.000000
3802313.750000
15272796.000000
3291570.000000
2027249.125000
-48139572.000000
-28605886.000000
-12369632.000000
41558828.000000
26643430.000000
492081.000000
12180909.000000
-18943158.000000
19494274.000000
47136048.000000
26722474.000000
5023609.500000
2633982.750000
31964082.000000
-17035746.000000
-13754395.000000
31220326.000000
12249719.000000
56372508.000000
-19725750.000000
-39745240.000000
-7680622.500000
905394.000000
-47706592.000000
55560260.000000
-39498052.000000
27686962.000000
48408896.000000
51684156.000000
-29607296.000000
2982486.750000
-120868824.000000
18558340.000000
-17825382.000000
28855834.000000
27130090.000000
-5601614.000000
-48908780.000000
-35637260.000000
6892682.500000
-9690431.000000
-56459392.000000
88859528.000000
4666000.500000
-3474396.000000
-13244815.000000
-51977184.000000
43947488.000000
49732132.000000
-29607296.000000
-7832539.500000
8776030.000000
-9603565.000000
1088657.625000
-12457219.000000
289078.656250
1470401.625000
-13195527.000000
-7464493.500000
4335765.500000
1478850.000000
2255806.750000
-1904050.625000
2582038.250000
5473408.500000
-4067405.250000
-8628831.000000
9127652.000000
3563441.000000
8727163.000000
-474452.968750
2008532.000000
7394341.500000
-7248562.500000
-6964302.500000
9389275.000000
-4681841.000000
-2573310.250000
6826847.500000
-13176327.000000
-7256888.000000
3503416.750000
-714629.000000
-2373304.750000
169488.453125
11440141.000000
4207996.500000
-3616824.750000
-94745.375000
10912289.000000
3302767.750000
775123.812500
-8636191.000000
4476966.500000
-8925650.000000
-7277013.500000
3175221.750000
4456993.500000
17234364.000000
4242904.000000
484427.156250
9254272.000000
-821814.812500
-6768339.500000
-403343.093750
-4861681.500000
10624424.000000
3615995.250000
-4302178.500000
1927774.500000
-11203959.000000
5735889.500000
13164641.000000
74323.867188
-8925642.000000
-6240537.500000
-3319500.250000
-4875651.500000
-39920420.000000
-58489264.000000
5750597.500000
23514954.000000
9478006.000000
9750983.000000
35383216.000000
-1595969.125000
23525178.000000
9911175.000000
24065432.000000
3118560.750000
-18227190.000000
14296539.000000
-8121182.000000
-10852645.000000
-3207030.000000
-5093619.500000
7866494.500000
-11683992.000000
11804088.000000
6692427.500000
17748328.000000
-10066604.000000
2826460.750000
652295.250000
-2936870.000000
17592166.000000
31661082.000000
-3772867.250000
32181232.000000
-16570685.000000
-8591149.000000
11201489.000000
-23060546.000000
10357651.000000
12767960.000000
31196496.000000
-28345518.000000
-26451600.000000
-87670952.000000
-3745026.000000
-7604946.500000
-37422804.000000
9218596.000000
-1055369.375000
-21064086.000000
919726.687500
-41645188.000000
39356928.000000
207164.484375
55030036.000000
28041392.000000
-56355904.000000
-4770314.500000
64678244.000000
-16535405.000000
8311238.000000
-89163528.000000
91252224.000000
-22395410.000000
-3745026.000000
4107007.000000
-3966417.000000
22472346.000000
10537029.000000
-34580924.000000
-11247501.000000
-14957411.000000
-21334974.000000
-41485556.000000
-13218981.000000
-8015978.500000
-13519576.000000
-4266642.000000
-12824916.000000
-14711755.000000
-36337044.000000
9278955.000000
-14663265.000000
-35948980.000000
6140286.000000
5916960.000000
-5856408.500000
-11415401.000000
-32043158.000000
-29147416.000000
8677998.000000
32514264.000000
32133600.000000
-29084866.000000
-61073556.000000
2815408.250000
-13360219.000000
8010863.500000
3595923.250000
15160468.000000
-707669.312500
-7449701.500000
8952386.000000
-11037161.000000
-26545834.000000
-7624936.500000
11063492.000000
-27372290.000000
-39279892.000000
-35275996.000000
37822472.000000
-38038492.000000
4129299.250000
12966973.000000
3564635.250000
9163091.000000
-24029232.000000
34418628.000000
-12325701.000000
-19751154.000000
25382278.000000
-7563112.000000
-63045.167969
39345028.000000
-8833689.000000
21260052.000000
-25695752.000000
32556992.000000
-52296336.000000
-35275996.000000
803279.812500
11897611.000000
29774560.000000
-2503747.250000
14838503.000000
1627668.000000
-276336.250000
29792806.000000
7526296.000000
11804785.000000
-7170637.500000
521953.531250
-6477490.000000
762806.187500
-11281499.000000
-16774296.000000
11775079.000000
-10460154.000000
-23808322.000000
6486449.500000
104512.976563
9899783.000000
9664485.000000
24722502.000000
13760939.000000
-14210933.000000
2672259.750000
-6156240.000000
12490216.000000
-9445571.000000
6146963.500000
-17073786.000000
24121936.000000
8283589.500000
-18550054.000000
13747515.000000
8125736.000000
7607940.000000
1634720.000000
6398224.500000
27109072.000000
-6046012.000000
2713148.500000
29538802.000000
2566165.250000
600437.000000
39787972.000000
1338084.000000
38122436.000000
11942381.000000
-15468657.000000
-5818049.500000
25085216.000000
21741458.000000
10194671.000000
-11967785.000000
4491538.000000
15009611.000000
-30744122.000000
-942208.500000
-7959309.500000
-52400724.000000
316746.843750
-18622306.000000
2566165.250000
-25061894.000000
11026639.000000
-9110962.000000
244862128.000000
-5913026.000000
-33581708.000000
-2752760.750000
14201845.000000
11162480.000000
-7707210.000000
22274946.000000
4946799.000000
-14669028.000000
5628527.500000
15875677.000000
12171212.000000
-13844380.000000
-20359146.000000
44293260.000000
-6312189.500000
-4153705.750000
-60518820.000000
66186444.000000
-12764231.000000
35201704.000000
12160773.000000
-9044117.000000
-15909493.000000
13901657.000000
-1177919.375000
3990607.750000
68475912.000000
-4037109.000000
-21832336.000000
-42765652.000000
30598282.000000
132582752.000000
-49538948.000000
-27614024.000000
-26563866.000000
36909780.000000
4361518.500000
1700717.375000
-1553382.375000
28170714.000000
22313222.000000
814662.687500
11017467.000000
5786179.500000
-5184276.000000
26662976.000000
-13765605.000000
-23593568.000000
-1098897.375000
29855710.000000
-1205970.500000
-33652348.000000
-6955056.500000
53518628.000000
33062192.000000
22377488.000000
-98754888.000000
34122784.000000
-49158272.000000
28170714.000000
2001453.625000
1412386.000000
18846136.000000
83599448.000000
-121624984.000000
9734125.000000
-15639387.000000
-33641748.000000
2650488.000000
42038556.000000
-16510023.000000
-20491094.000000
-19049042.000000
-20367438.000000
3601228.000000
-8004242.500000
-76630648.000000
-6788538.500000
-10788335.000000
58668324.000000
-17387750.000000
-97072704.000000
75081640.000000
-2636162.250000
-18101326.000000
-60455332.000000
-8416365.000000
8433889.000000
39501180.000000
6983153.500000
-103955096.000000
111579688.000000
18340518.000000
-27196830.000000
-21579364.000000
5865061.500000
-13491717.000000
-96170264.000000
16788872.000000
61100172.000000
-19631392.000000
25111554.000000
-23160954.000000
71228184.000000
-41393740.000000
-4943122.500000
-19139162.000000
-4383503.500000
-39247172.000000
-8103489.500000
-38152288.000000
-46655940.000000
-94937896.000000
-75176.335938
24895222.000000
-28206904.000000
155205568.000000
13295925.000000
52972704.000000
-4101480.000000
16641400.000000
-30223974.000000
31669270.000000
-57133152.000000
-41393740.000000
47341700.000000
28703994.000000
-43199232.000000
-25863114.000000
28216198.000000
-16743527.000000
8270970.000000
-7225457.500000
-6149044.000000
12592599.000000
6439288.500000
12926404.000000
-6778461.500000
12684595.000000
-20215638.000000
-11335877.000000
-3792743.000000
18536186.000000
1630021.375000
-50643564.000000
-5082578.500000
-9500387.000000
25794826.000000
3063924.750000
69781984.000000
-690477.062500
21157200.000000
-53458188.000000
-5961268.000000
-55345344.000000
-32989278.000000
45662672.000000
1002525.312500
104397.718750
-6023098.000000
22510546.000000
73477120.000000
45064964.000000
-9535101.000000
-21584866.000000
-34278780.000000
10650912.000000
31511130.000000
-8080796.000000
20805038.000000
-1024945.437500
46568404.000000
-14001779.000000
16994574.000000
-37032756.000000
-7931049.500000
-10031033.000000
-44481780.000000
11031053.000000
-32995698.000000
6591332.500000
19001358.000000
-9336401.000000
59563668.000000
-3371470.000000
78240744.000000
-10531657.000000
-71378224.000000
-37655524.000000
20805038.000000
-20561176.000000
-19304678.000000
27034120.000000
-5708870.000000
-34876992.000000
-27648794.000000
-33490810.000000
-14532113.000000
7789474.000000
32747826.000000
-34274900.000000
-32204328.000000
12752901.000000
-31539040.000000
-3524646.250000
-3870336.250000
8996885.000000
5208419.500000
-6896947.500000
-22172174.000000
-13775671.000000
10844189.000000
-8403819.000000
-21425046.000000
-13490517.000000
-2110163.750000
-29662410.000000
38068928.000000
22647026.000000
21150702.000000
12264179.000000
-62137268.000000
31944474.000000
17955986.000000
-46175472.000000
-40161676.000000
13543905.000000
32075274.000000
-30303030.000000
14541129.000000
-1430614.000000
5464327.500000
-23368730.000000
98485024.000000
-5943082.500000
-20891126.000000
7353546.500000
-8118294.500000
-10111845.000000
-17725192.000000
30379286.000000
-18508134.000000
-32542802.000000
17337414.000000
6255328.000000
-12570043.000000
21758598.000000
23843514.000000
-12927552.000000
35906792.000000
-48382048.000000
-26030102.000000
-15556171.000000
-37992448.000000
-5943082.500000
-59258720.000000
8008080.500000
-35106556.000000
-1999692.125000
-17104406.000000
13033335.000000
5851534.000000
8283084.000000
-2624078.250000
-2081110.375000
-5098765.500000
6529286.500000
9383065.000000
6560066.500000
8796743.000000
6629904.000000
-2443563.000000
-10121455.000000
-22400376.000000
-7425000.500000
1357284.375000
-624694.250000
-1079873.875000
736376.187500
-6453308.500000
4085476.000000
-13562325.000000
11917569.000000
14484300.000000
-13610621.000000
8286888.500000
4093569.250000
-1087112.375000
1945348.625000
-6744105.500000
-10537919.000000
905728.937500
-4503764.000000
12287936.000000
4974235.500000
14873845.000000
-8832934.000000
-13345523.000000
9525559.000000
-3232351.000000
8344303.500000
-721729.812500
6573256.500000
3103467.250000
1894060.000000
12315781.000000
2060059.000000
-3549014.750000
-1089722.875000
-6725376.500000
-8662579.000000
4873315.500000
526252.312500
-3989252.750000
965875.750000
-13956637.000000
-5569729.500000
11106841.000000
5937418.500000
-3232351.000000
-5295947.500000
8175648.500000
14851999.000000
11210633.000000
-101724584.000000
-36801164.000000
11153719.000000
-21780226.000000
48496092.000000
12320291.000000
18218218.000000
6770962.000000
-17556936.000000
5702970.000000
3957656.750000
4617741.500000
17308316.000000
-2752198.250000
21044704.000000
-27632592.000000
-25763778.000000
6255924.000000
-10020916.000000
-8345452.000000
52237764.000000
2134644.000000
13163603.000000
-28053528.000000
-32172214.000000
18678246.000000
-38689924.000000
-114098592.000000
-2689631.750000
31226000.000000
-800360.312500
-1898385.000000
27353726.000000
-55692944.000000
-37377136.000000
-11134068.000000
25775550.000000
5537650.500000
28934672.000000
85305072.000000
47306816.000000
-16384017.000000
-72715304.000000
-41741888.000000
-17180348.000000
8690796.000000
1176465.500000
1410231.375000
10342269.000000
73788104.000000
45964096.000000
-7638450.500000
38746960.000000
-26475034.000000
-37161280.000000
-121431.164063
-47151508.000000
20938198.000000
6069458.500000
70958520.000000
47306816.000000
18952496.000000
-20888972.000000
-16241344.000000
-43419452.000000
-8825531.000000
-27434410.000000
11470033.000000
50921776.000000
-8652778.000000
-2317714.000000
433210.250000
12855812.000000
11835043.000000
13370163.000000
-8097624.000000
862903.312500
15323024.000000
16110257.000000
8048956.500000
-42110372.000000
-24268448.000000
19951654.000000
-2763051.250000
9421063.000000
24419136.000000
-781234.812500
4507848.000000
7496106.000000
-5684370.500000
79045280.000000
-21097550.000000
30786814.000000
-3310179.750000
-9796541.000000
19601536.000000
-20357786.000000
-92416696.000000
6472142.500000
-27037722.000000
-23545354.000000
6323371.500000
-27286960.000000
11115634.000000
-10181300.000000
-14791613.000000
20698664.000000
-84013376.000000
-24687288.000000
1095922.625000
30722206.000000
30144994.000000
30057952.000000
-29828416.000000
-6653969.500000
57079356.000000
23239722.000000
-5959126.500000
10299044.000000
11041351.000000
-17297918.000000
28425834.000000
-63430780.000000
4629212.000000
98832056.000000
-14791613.000000
-39293700.000000
-15715673.000000
175852.328125
910613.937500
13429271.000000
-9238673.000000
5260343.500000
-19981198.000000
42436812.000000
2424435.750000
3966732.250000
4850286.500000
-12784672.000000
4826384.500000
-16599427.000000
-1827494.000000
36027540.000000
38817044.000000
12876867.000000
-38581892.000000
-15706088.000000
22249016.000000
14513401.000000
-5490276.000000
-18049498.000000
20240310.000000
5563107.500000
20443086.000000
44614464.000000
-11782537.000000
-8066440.000000
-43414988.000000
10771330.000000
-16777930.000000
301010.500000
-18931266.000000
-3089880.000000
-24442816.000000
-11709436.000000
3305710.250000
27277386.000000
4416677.500000
-14239536.000000
73630912.000000
-12894161.000000
-20958996.000000
5928344.500000
-13387064.000000
-9193085.000000
-16062087.000000
-5413079.500000
-5738754.500000
27490752.000000
805317.687500
-36873780.000000
-9823733.000000
-50816244.000000
1502973.125000
2653814.750000
10650623.000000
3360572.250000
-38574244.000000
-9320424.000000
-32033986.000000
-12894161.000000
1086269.875000
12969175.000000
19007350.000000
54190972.000000
-25716958.000000
23227098.000000
-1222990.750000
-12776152.000000
12992185.000000
-13617439.000000
23344778.000000
-1586801.500000
1577608.500000
-2302208.250000
9655188.000000
-3971858.000000
2061847.875000
40195732.000000
-13428227.000000
-14751211.000000
-11569915.000000
-7794011.500000
-2009835.375000
-1653197.625000
-17970078.000000
-12840217.000000
-13552409.000000
13362896.000000
-17994234.000000
-15656555.000000
-31205510.000000
34317056.000000
518158.656250
-4771419.500000
14820441.000000
2556140.000000
962172.687500
-29952846.000000
22026578.000000
641812.062500
-29919774.000000
300338.750000
3551931.000000
-8079297.500000
10996563.000000
-11099393.000000
-15967671.000000
-530530.312500
34141708.000000
-3790482.750000
33985956.000000
24262906.000000
-34839908.000000
-21318312.000000
27297390.000000
18225776.000000
-29586294.000000
30560744.000000
12157443.000000
-29863830.000000
28113242.000000
-4735815.000000
-36548740.000000
-28595430.000000
10996563.000000
14975293.000000
26502674.000000
-6879986.500000
15056165.000000
-4344469.500000
-1363005.250000
2688014.000000
-10770071.000000
-8142450.500000
-1198083.500000
207766.671875
1651364.000000
-182314.953125
1554429.875000
2200183.750000
12125064.000000
1190632.125000
-3574489.750000
187996.625000
5823523.500000
-3580775.000000
-4032370.750000
11003848.000000
-3120769.250000
7116986.500000
3728368.750000
13586603.000000
-7202562.500000
2286187.250000
-611455.625000
-17387450.000000
9757330.000000
-1387305.875000
-6721836.000000
10437783.000000
-9984804.000000
-3831691.750000
4269693.000000
-394784.656250
-15367821.000000
-9165612.000000
-4444735.500000
18245812.000000
-6402512.500000
6673502.500000
-5026484.000000
-3804895.000000
3537285.000000
10979807.000000
1929114.625000
-1214706.125000
7252698.500000
13396664.000000
-3992478.750000
-14421780.000000
-4320390.000000
-8273497.500000
4722716.000000
7360960.000000
-15894321.000000
-9655463.000000
3033182.000000
-11589904.000000
-3638774.000000
6673502.500000
6782091.500000
762559.437500
5687584.000000
-29870944.000000
-58569492.000000
-19851052.000000
3528494.000000
7941276.500000
8036026.500000
2363023.750000
-17860662.000000
3523516.000000
-29029990.000000
4634207.000000
-26904362.000000
-24184120.000000
-10294633.000000
15007492.000000
4978310.500000
-7560983.500000
-26102208.000000
-25605290.000000
-7904590.500000
-12301451.000000
-28519334.000000
-11630748.000000
24300198.000000
34148260.000000
-6502030.000000
59933172.000000
-34615224.000000
-72948872.000000
6656167.500000
20067356.000000
-18546600.000000
-26729026.000000
15319227.000000
-38739324.000000
-23325090.000000
20540410.000000
50475180.000000
3666637.250000
-30927590.000000
49903508.000000
-14239952.000000
1629442.500000
-42161448.000000
-10357720.000000
-25455200.000000
-13624807.000000
1920016.625000
-19117766.000000
16839366.000000
-5614370.500000
-23817470.000000
-323576.843750
-27167954.000000
20240302.000000
31484826.000000
5800633.500000
74516008.000000
-36127660.000000
25678506.000000
22911502.000000
-14239952.000000
45450012.000000
-9751045.000000
-11039203.000000
3086458.250000
-40437096.000000
17876798.000000
12663639.000000
-7994444.000000
9342126.000000
-13779000.000000
-10709276.000000
13158844.000000
-628764.687500
13304085.000000
1309741.500000
3568532.000000
-11556701.000000
7688001.500000
-6959736.500000
3282200.750000
-6815042.000000
-14537252.000000
-24014840.000000
-8282240.000000
-20116594.000000
494696.343750
4087284.000000
14710135.000000
12434109.000000
-40262828.000000
19874768.000000
-16985016.000000
5709212.500000
8679121.000000
-534326.250000
-3725683.250000
19132844.000000
-15589033.000000
16742219.000000
-4924243.500000
13089579.000000
-6989426.500000
-10544226.000000
15673759.000000
-9339400.000000
692907.062500
-11106173.000000
-7199905.500000
4240894.500000
2906648.250000
9843839.000000
-1240958.625000
7529400.000000
396830.281250
-4989134.500000
-10060884.000000
-1278608.000000
8146624.000000
5260072.500000
1311632.125000
-16347247.000000
-3122033.000000
-5850652.000000
7479853.500000
-9339400.000000
-7624381.500000
13305824.000000
9997643.000000
33189746.000000
-25054170.000000
-43985252.000000
4440934.000000
-28532432.000000
15726871.000000
911222.687500
-9670105.000000
3598641.250000
8077450.000000
3492201.000000
20956440.000000
-31936602.000000
-39046848.000000
-18562714.000000
-10820325.000000
7676842.500000
-41092256.000000
-17911378.000000
4822052.500000
15983536.000000
-48275648.000000
13984931.000000
-1749679.375000
-35404128.000000
14276084.000000
18390534.000000
-75238872.000000
53585596.000000
3826232.000000
-46257392.000000
-20908752.000000
-30724922.000000
-74576864.000000
26343910.000000
-35110708.000000
44363020.000000
-16019011.000000
-37299840.000000
-70384064.000000
16192424.000000
4652587.000000
31386122.000000
-40565012.000000
20448330.000000
-7477933.500000
37971600.000000
5656848.500000
3708925.750000
-22171506.000000
-1145068.375000
-28423498.000000
29225184.000000
131665320.000000
4217349.500000
6363334.500000
-31524014.000000
63124244.000000
-12329129.000000
34638804.000000
38562436.000000
4652587.000000
18579002.000000
-11204508.000000
27498848.000000
11761947.000000
45216916.000000
-14713192.000000
33123120.000000
29720176.000000
45193792.000000
-90236320.000000
18482400.000000
35993568.000000
-1030299.937500
36182376.000000
-9261309.000000
-34853576.000000
12891387.000000
-37299636.000000
13601341.000000
-11867500.000000
5860141.500000
-55907876.000000
-35696140.000000
26678856.000000
-4579741.500000
19662418.000000
6671774.500000
24383670.000000
-16909474.000000
-4508538.500000
-29866818.000000
29561368.000000
-13483744.000000
28503030.000000
29357096.000000
-30591496.000000
-47743936.000000
-67483120.000000
-15412857.000000
-17009930.000000
34720576.000000
-44788204.000000
-33026386.000000
15476577.000000
-6649525.500000
-32325.333984
51909520.000000
-884102.500000
26133326.000000
-8570563.000000
-16028327.000000
8406503.000000
24064568.000000
40578676.000000
60500496.000000
-24312418.000000
18084664.000000
-19419060.000000
-30502832.000000
-25770890.000000
8476235.000000
-54991072.000000
11545033.000000
86066192.000000
-6649525.500000
-178485.671875
-14527680.000000
-34326508.000000
4047965.750000
4146680.750000
-14209344.000000
174865.250000
-1830411.625000
1391541.125000
-3955750.000000
-8834952.000000
-296054.343750
-1501788.625000
-356031.250000
-1310125.250000
-10176732.000000
-4652811.000000
-5245094.000000
-3625608.000000
-651471.250000
2575622.000000
1206165.875000
-2906451.000000
5749313.500000
1259002.625000
2112568.250000
-2627839.750000
-402214.343750
-5911594.000000
1712088.875000
1767762.625000
-1541996.375000
9041187.000000
9213047.000000
-73210.414063
-284206.750000
-10355951.000000
8354968.000000
-2406215.000000
2551227.000000
-9678241.000000
870110.812500
2892663.750000
1688158.500000
606455.187500
2251770.000000
3987117.750000
-1677589.375000
-3601166.250000
1888329.625000
-4207330.000000
-4319899.500000
-4686731.500000
-185473.078125
2098815.250000
2308837.000000
-2142713.750000
-2638301.750000
3273983.000000
-2102382.750000
2433377.000000
1669938.500000
-4780203.500000
-6847932.000000
606454.187500
4324731.500000
6485433.500000
-4184914.750000
461612448.000000
-29038398.000000
-80054712.000000
-8602173.000000
4957556.500000
-27841632.000000
39284472.000000
60995284.000000
-3426892.000000
-6034490.500000
-3563810.000000
-10978919.000000
-6480187.500000
22457406.000000
57250012.000000
15864653.000000
10545747.000000
402135.343750
-35955060.000000
67515416.000000
8410235.000000
25340938.000000
24520846.000000
-2718828.500000
-7019444.500000
53021956.000000
-36212444.000000
97152360.000000
-10039915.000000
10370973.000000
24361328.000000
48413296.000000
-2427815.000000
-21526586.000000
-27990840.000000
-77300784.000000
10007349.000000
9922467.000000
-15194311.000000
20585454.000000
32243374.000000
2175904.000000
-1886155.375000
-59453204.000000
847339.000000
10195265.000000
36262988.000000
12158055.000000
29018648.000000
48233116.000000
11014064.000000
-27489936.000000
-571612.812500
-4495248.000000
-19129378.000000
-5129448.000000
-22345168.000000
-18975662.000000
-62599612.000000
4012718.000000
-65067388.000000
2175904.000000
-17246788.000000
-63574516.000000
-39732656.000000
58091116.000000
-4024189.250000
11251233.000000
-2503591.250000
-19509382.000000
23485126.000000
17807712.000000
-19657850.000000
-7881632.500000
5866103.500000
-9013019.000000
13291859.000000
4064218.750000
-72353.164063
-8285056.000000
-14888935.000000
17935638.000000
-6574710.500000
20054120.000000
16889496.000000
-2636023.750000
479826.843750
4976730.500000
20568438.000000
-1759587.500000
-9511818.000000
8046426.500000
38226828.000000
-13243965.000000
-257496.078125
19848810.000000
28849776.000000
-21171232.000000
-45869596.000000
-5876272.000000
16391927.000000
1091405.875000
-43769896.000000
-14719300.000000
6117162.000000
7458082.500000
6886270.500000
4292208.500000
3888474.250000
27213158.000000
7484618.500000
-22162720.000000
-1456183.125000
-8388462.500000
-11797037.000000
636388.750000
10145257.000000
-7777774.000000
-8186660.500000
-6924152.000000
29312080.000000
12045832.000000
-17496348.000000
11775253.000000
-12007383.000000
28009024.000000
6886270.500000
10502709.000000
33830764.000000
-4396408.000000
131127960.000000
-18016288.000000
-10300763.000000
216749.328125
29685808.000000
-37080604.000000
-8271350.500000
-72203096.000000
-2755008.000000
28491298.000000
-2128888.000000
9281977.000000
-28859642.000000
-1247756.000000
7967306.500000
-35278084.000000
-41298940.000000
11730099.000000
-62518812.000000
4135204.750000
12665555.000000
-27001664.000000
8487625.000000
5161466.000000
45648868.000000
-20830310.000000
-27142176.000000
-1225608.500000
112783456.000000
-2467928.250000
-59354836.000000
13263611.000000
8003141.500000
-47501452.000000
27086082.000000
-12946797.000000
-3304168.000000
-52567968.000000
-9507643.000000
-42177956.000000
11854965.000000
-62509868.000000
43418656.000000
-34263300.000000
5616719.500000
-6499760.000000
-35047300.000000
12431943.000000
35652848.000000
-5901897.500000
-16441244.000000
25087024.000000
16905602.000000
1707088.000000
-22106110.000000
41395756.000000
-77746216.000000
-57062528.000000
19754510.000000
19869378.000000
-62555076.000000
-62509868.000000
-23170038.000000
-41814788.000000
-1100646.625000
702419.687500
-13817709.000000
2869030.750000
3093441.250000
-3493520.750000
-486309.125000
10634273.000000
1725930.125000
2687628.750000
3446791.250000
2718024.250000
-2023021.375000
-5403709.500000
-2007064.625000
-7824694.500000
1387513.500000
7499392.000000
911866.187500
-9428112.000000
-7187522.500000
379078.343750
4616328.000000
-143426.500000
-1271686.875000
-3741326.750000
-2248091.750000
-4887704.000000
4459684.500000
1859052.000000
913152.812500
5513750.500000
-777434.250000
3673401.250000
5364277.500000
12468928.000000
1808471.625000
-6476794.500000
-2962995.250000
5343998.500000
-1036006.312500
-1681168.500000
-5322334.000000
5662893.500000
-6048276.500000
-3618486.250000
2574590.000000
189035.453125
-11558335.000000
8505331.000000
-15360947.000000
-2857386.000000
599216.687500
-1371586.375000
-8511578.000000
5156591.500000
10659079.000000
-3401899.000000
8144830.000000
-2351539.750000
-10975231.000000
-4565583.500000
-5322334.000000
2994800.750000
7469869.500000
-3593768.750000
132523.796875
786.809814
2013.821777
-785.466064
704.104492
1674.422852
-6513.945313
1313.563843
-475.081421
1481.246216
320.676788
-4502.854980
1389.944702
610.033997
6356.123535
2118.054443
-314.619751
443.401398
1724.942749
15.856547
-480.203583
-120.559959
272.538544
171.097778
52.934952
174.619400
5802.187500
-990.210632
-482.695953
225.906876
-388.393433
1075.509888
635.491272
-301.257202
-206.879684
-80.093773
927.407166
2529.685303
-1782.942505
1241.111938
-607.582825
-2041.815308
858.636414
595.660095
1709.130005
846.129639
3251.179443
-6746.802246
2719.635498
2583.661865
317.072510
3570.793213
-2839.043701
1288.388062
1706.365845
39.606384
2224.583740
283.368927
-4307.689941
-3045.543213
62.299755
-5847.347168
887.474304
6256.578125
765.791992
128755.937500
9813.311523
3133.530518
387.380219
6657.666016
5094.240234
9244.174805
8683.731445
-1833.229370
-1338.285034
10822.992188
13948.795898
1884.175415
217.630127
2581.084961
3166.492188
-329.171753
2714.618164
-1298.590942
379.829834
-1214.156250
-447.935303
548.113281
-237.265335
4525.268066
-135.401474
-6408.437988
-544.687195
588.484558
-2364.258545
-1157.683960
1885.524048
2066.750244
-558.635193
3618.192139
-2104.844238
2088.043945
-2421.081055
13507.100586
-3126.983154
-268.432404
15185.930664
9.719198
-7062.077637
-1156.698608
546.176941
-20502.701172
8564.091797
1720.274292
2056.664795
1462.369751
-1417.500488
15259.092773
3391.879883
-980.120117
662.880188
361.097626
2842.402344
2339.585693
-5340.669434
-986.255066
-884.930969
923.774719
-16590.013672
-313.494568
132075.984375
-982.201233
365.998779
-33.243469
1447.345093
-307.709717
-5265.303223
612.971619
377.377228
-1065.551514
1332.372559
-3510.932617
-1255.790527
-509.874786
-996.023254
-174.439148
556.768066
-381.935425
-1051.445801
-543.934143
-842.778625
159.710983
368.575531
39.205235
975.175537
-25.514597
989.606384
415.983398
111.529030
-1362.207886
197.627380
-894.210693
407.482208
-593.062195
-248.242874
-3219.241455
-274.372711
-533.028809
1479.911987
-1258.293091
145.975143
-2084.785645
-1146.742676
-361.354401
94.658485
1148.456421
3389.750732
-1445.473022
1174.077637
-225.790359
-308.789825
-1863.110962
1462.613892
271.357086
61.496643
440.398773
-246.034927
-571.147644
-1471.779785
-269.676727
424.133270
4000.096924
434.001373
-2434.153320
-783.467041
184707.171875
-1017.620117
1492.863892
-38.678253
-2024.823364
-288.581970
584.831787
856.045105
463.125000
-1848.335327
-2942.100830
3321.225830
1010.087646
-416.393890
6953.345703
-54.326092
8.546916
307.314209
2247.362305
272.312836
-577.403503
555.809143
110.445396
1075.887085
6692.354980
428.815430
-5152.540527
586.535156
246.432693
-623.441467
1242.089722
168.842804
-425.729736
-783.255432
676.704163
648.004089
1458.209595
787.272400
278.076416
36.484821
2.546275
-472.180756
-415.804352
4038.803467
-2067.446289
-959.719910
-26723.771484
1908.982422
3145.162354
-70.738144
798.365662
1188.867554
336.001251
-943.381775
451.120117
-1524.415039
3754.078125
1118.191284
2648.288330
2971.105469
237.537796
-6629.509766
1560.101196
-20288.361328
527.458374
143254.484375
-764.069885
5667.152344
895.412842
7995.873047
1131.794800
-11707.426758
-436.132324
4194.336914
-563.191223
7357.758301
-977.993958
2359.613525
-421.861816
2890.904541
6143.300293
-5064.632324
1319.966797
1493.174438
727.613281
-5821.410156
305.223602
74.193932
-492.951416
-577.521423
1925.364868
3141.683594
365.630463
649.976868
-2058.265869
-858.581055
1774.287109
4187.068848
485.794922
1906.899536
-8449.856445
-831.012390
6584.238281
2648.218750
369.255859
-358.406128
-2672.337158
746.726990
2963.967041
-5561.432129
1971.448242
14790.879883
-3513.092529
2840.510010
5596.580566
2284.719971
4371.900879
309.058441
-2210.373047
3570.242432
-584.893311
1616.105469
1511.041992
6361.765137
3912.932861
-57.290894
4073.512451
-1096.468750
14839.432617
-868.762024
125520.726563
-6419.645020
-6095.933105
-1240.392700
-9601.023438
-5349.752441
-10037.124023
-829.406921
-2343.178467
-599.284851
-11675.899414
-9915.667969
-3377.223877
917.784668
-589.212463
-5262.536621
630.445007
-1174.405029
227.896744
432.382416
3172.432617
424.178253
-48.791096
776.120605
1503.587036
-1466.315552
362.489746
-59.031559
-66.636467
1938.124146
982.927673
-1584.855835
-3832.396484
97.754356
-1506.087769
4685.217773
2296.307861
-6031.210938
-7893.830566
255.508713
45.580521
-7033.047363
-1226.425903
4127.074219
5636.480957
-1810.268066
-851.610840
-7228.601563
-597.200378
-3673.945313
-609.133057
-3042.774414
-6104.068359
-293.177338
-1466.717896
48.380024
-789.272705
-917.343018
-6079.413574
-1182.726929
475.065796
-7023.082031
1303.385864
2348.459961
-199.920792
100854.914063
-9764.235352
3251.878662
-657.410095
-777.471863
-2144.806396
-22568.509766
-5593.079590
2983.432861
-1052.725952
-3683.721436
-13478.954102
1451.297974
-791.635071
-2832.153564
1632.158691
-7248.673340
-3432.284912
2135.461182
-578.434631
-4394.291016
-155.354950
-708.923889
-802.649109
6617.986328
1559.273926
3514.497803
848.774841
-771.545593
-1350.235352
-759.432800
-2226.089844
1715.104370
-1246.729492
-2338.518311
-4639.000488
-1843.866699
7733.986328
-8782.504883
2742.943359
-148.302597
-15496.377930
1052.899902
10025.848633
-3387.134033
2606.524658
7170.445313
-13809.850586
10222.588867
2979.358154
395.862091
5087.688965
-15094.985352
-4999.414063
1266.964111
-1197.446167
4400.347656
-1268.448853
-7097.450684
3358.952881
-86.555908
-802.166687
-986.335876
3011.804932
433.032837
68976.875000
-2984.748291
-2842.806641
-752.578796
-1490.467651
-2976.007813
8987.273438
-3048.189209
-901.727600
-768.942139
-3758.187256
-5750.567871
-5321.832031
-1340.308350
18249.892578
-2028.979858
-1643.022095
1349.428589
-1251.585083
-21.120329
-3213.685547
530.016907
1047.883667
-140.122498
-1775.996216
244.462570
3331.900391
-1371.147095
-192.431503
-221.826401
1527.206177
-29.474813
-2908.391357
-958.023621
504.464264
-1751.686646
-1972.509399
-4682.674805
-1152.432129
102.820915
710.183350
-4814.041504
-608.755920
-2073.578369
841.784851
-1085.221313
15775.528320
-4326.795410
86.735321
323.645905
125.438728
-665.478210
-3209.103516
-2187.367432
275.081635
-218.421021
-536.140808
896.311218
-1227.070435
-173.136475
11.324666
-2458.345947
3180.135010
11678.184570
743.283203
111794.804688
-2038.311401
-3488.500000
-1774.673218
-6005.867676
-4108.572754
1728.445435
1572.582031
-2991.037109
-717.272766
-7332.318359
1351.317261
-859.785828
209.938553
1723.584106
-6007.506348
4134.613770
-1637.427856
821.287598
-263.451263
2745.394775
-60.838486
-1032.426147
-290.964813
982.662842
-1001.963379
-4989.662109
-377.794769
-2086.900146
280.270996
9.222676
-1361.768188
-377.818756
-327.809113
-2094.072998
3094.398438
928.172791
-1600.714844
-4964.296387
-1829.967163
65.131165
-1080.987183
-738.803772
1483.529419
4318.864746
-1614.496094
288.655731
1814.272339
-5110.229980
-3868.679688
-1914.897583
-2287.700439
-1153.890747
-271.462494
-3211.920654
197.384445
-581.774841
-2495.778809
2073.687256
-2041.433594
1338.875122
-1513.812988
1452.539673
3101.226563
-381.707031
32853.105469
4244.350586
-484.570190
982.972839
771.002380
2889.707275
16883.332031
3183.475830
-2252.886475
652.213196
3374.026367
9401.752930
3371.184814
1128.258545
7509.818848
2368.921143
2188.399658
3710.109131
-2820.433594
151.277100
1306.320435
114.632019
1429.880859
1019.305481
-8053.592285
-284.160858
-120.214317
-1170.037109
404.910370
-1241.421875
-319.103302
2662.467773
-839.862122
858.352051
3794.451904
358.167358
572.458984
-976.420105
4619.624512
801.077576
-22.289215
8193.490234
255.307800
-7508.057129
-383.373169
-1318.319458
-1050.692871
12506.493164
-6681.349609
-1718.208008
371.647247
485.364044
6595.777344
1549.230103
1149.390991
0.532017
-2632.208008
1935.905640
6447.670410
-2461.385254
121.545494
188.125412
1462.213379
1799.761230
-156.967758
260577.437500
-2328.480469
-1283.943481
20.530111
-444.557373
-662.105286
-21199.615234
-2579.261475
-117.731689
285.781403
-2042.749878
-3734.280029
2577.948975
915.479065
-1138.055054
999.866455
55.963470
933.151184
2797.367188
655.468201
1383.356567
-13.955009
288.529602
-138.723709
-2108.425537
3.806712
1034.141724
-1555.555176
-740.520813
2167.118164
-25.305237
2260.287109
876.409363
-413.856689
-35.843426
-755.153381
1010.142395
1634.412598
-334.402893
1199.671509
643.864136
-2973.840820
-1117.291382
3521.972412
1343.348267
-766.678772
25595.423828
-2468.561279
-2755.480469
-298.738129
673.612305
1685.161987
876.670105
-11.368876
2767.491455
965.715881
-413.020905
1299.691406
2710.414551
-1256.719971
650.494568
1880.360840
-651.811951
13709.269531
954.482422
189786.140625
-1829.938110
-7041.324707
-1334.874023
1442.429565
-2096.262939
-9468.859375
-4667.965332
-2114.729248
-410.161346
1120.451294
-1577.922485
-5965.371094
-1127.472290
-6138.144043
-4203.456543
2838.332275
-1899.397583
-10060.588867
-1038.409424
978.647278
-204.749313
-165.796310
-279.421783
-12611.825195
-1711.357910
329.548889
-941.861511
-2836.117188
1409.967163
742.979797
-3068.714111
-3545.419189
-344.077240
-2484.531006
1274.177368
1361.866211
-13766.415039
4831.617188
-5459.325684
262.748444
2360.244385
-2693.664307
-16175.590820
-1101.949829
-3511.656494
1641.743530
1754.483276
-8773.118164
-9319.507813
-1605.807983
-12737.582031
2594.174072
193.277954
-2659.866943
1071.995117
-9731.077148
-1568.755981
-4250.523926
-2217.339600
1387.357544
10665.075195
-2020.500366
-3263.053955
-1348.089355
