-810288328736768.000000
-31786398646272.000000
-282738636619776.000000
-1008779571232768.000000
82140326789120.000000
144286943281152.000000
-580764068478976.000000
458961547427840.000000
352391933198336.000000
684449746386944.000000
-70186229039104.000000
-109109676343296.000000
1093734427000832.000000
-18285524762492928.000000
3269442117042176.000000
321648490184704.000000
-3944326165954560.000000
4403828610826240.000000
11513646605664256.000000
6294974651957248.000000
-4269564443492352.000000
6919595503910912.000000
8012388729094144.000000
7034009137709056.000000
-682233341935616.000000
3939542646128640.000000
26419548576022528.000000
17466037486223360.000000
530511541829632.000000
13310444026462208.000000
35849772044648448.000000
-39572059138818048.000000
-24290533287395328.000000
16754294833283072.000000
-20025184085868544.000000
19381351308328960.000000
4707500515393536.000000
-1710223093923840.000000
-5419496571404288.000000
-431292395028480.000000
322963756810240.000000
-735334706970624.000000
-628843140349952.000000
328608115589120.000000
216172146458624.000000
-138568060108800.000000
16151020044288.000000
115802250412032.000000
598411686445056.000000
-47188088455168.000000
-228622703001600.000000
-149844949729280.000000
-2528834599518208.000000
433870113603584.000000
626926376976384.000000
-2792260513038336.000000
-301224209416192.000000
1214846934712320.000000
278606827749376.000000
1369888543211520.000000
1736657141235712.000000
527561033515008.000000
753027019440128.000000
1315370375839744.000000
-1190819545481216.000000
-1756973410287616.000000
-1988176734322688.000000
752349891002368.000000
-328743876820992.000000
4009503099977728.000000
543869594763264.000000
-1296447555239936.000000
78696576712704.000000
-1384878047232.000000
1440548137205760.000000
-1176381744480256.000000
892729152241664.000000
-3124220145958912.000000
-1338318654537728.000000
1702048563200.000000
1436409667780608.000000
-792260740382720.000000
1510561472839680.000000
86490398851072.000000
-1797534007689216.000000
167921779212288.000000
781697201209344.000000
595014837075968.000000
-747816284585984.000000
154707658014720.000000
356365281263616.000000
-1501587138674688.000000
-880013029146624.000000
-918474461282304.000000
-2627393629978624.000000
1852450130624512.000000
-7629545406464.000000
662077530177536.000000
859250821693440.000000
290243857088512.000000
1413638422265856.000000
-77116481732608.000000
-164005792448512.000000
-218990903296000.000000
-2305173103837184.000000
451878072614912.000000
-1700105224716288.000000
-4145485522665472.000000
241836857753600.000000
-41278108598272.000000
-516769894629376.000000
856732762898432.000000
607049335439360.000000
918773699706880.000000
196095305056256.000000
26756448780288.000000
236736516980736.000000
-5093287362822144.000000
-2373623339810816.000000
3829051659649024.000000
-2042970316472320.000000
-4406443172167680.000000
-1296779073028096.000000
9995949044662272.000000
4787039551619072.000000
-562625381400576.000000
-5172843042045952.000000
-1500785590403072.000000
-6244147472105472.000000
9238083811672064.000000
-5372277700952064.000000
-2408624370483200.000000
1478690533801984.000000
141096168456192.000000
-4251219027558400.000000
4165942988767232.000000
-884692999995392.000000
-688614790922240.000000
1972026717765632.000000
70547815792640.000000
-4031267846750208.000000
1319194373128192.000000
1907599523971072.000000
-1526419968491520.000000
-1498893791526912.000000
25106858377216.000000
421045676802048.000000
2494469492441088.000000
383991551098880.000000
-12278841737216.000000
659687649312768.000000
256606797299712.000000
1920500397768704.000000
-1223283995312128.000000
-2245722837614592.000000
-2975806477303808.000000
-9127823411249152.000000
13141078433595392.000000
16385072600973312.000000
-3595281958436864.000000
-590678866264064.000000
22434622084218880.000000
20708897782235136.000000
13395521959886848.000000
-1237043057262592.000000
-8922907837202432.000000
12523935656574976.000000
-23276500098744320.000000
24850500386029568.000000
-3635545934659584.000000
759095539793920.000000
2274548376403968.000000
-4710471559020544.000000
-386189735493632.000000
291390613356544.000000
-145180548136960.000000
1350975654723584.000000
111049894264832.000000
-387423632621568.000000
778674617974784.000000
895478199746560.000000
699239130726400.000000
-1004093292150784.000000
932535110467584.000000
-186750177640448.000000
-1446167699259392.000000
-436787201703936.000000
130050980577280.000000
807327686983680.000000
532256808501248.000000
-282881142292480.000000
680695408099328.000000
-80535057596416.000000
188398052573184.000000
-17034992680960.000000
-291745518583808.000000
895336734261248.000000
489048061771776.000000
-118452480114688.000000
-178389302378496.000000
-23179814764544.000000
-678099704348672.000000
-148807346028544.000000
255374510784512.000000
127896408555520.000000
135398139363328.000000
129850509623296.000000
-349394079580160.000000
-3884335136505856.000000
903095190028288.000000
-4857381989122048.000000
-622393441648640.000000
-7570210571681792.000000
1513638414254080.000000
-3072051862568960.000000
-1914913182187520.000000
4904730782334976.000000
4921219161784320.000000
-2626388070760448.000000
4725587696418816.000000
-4543039775178752.000000
-9230381861568512.000000
-696719125774336.000000
14510289311498240.000000
-11456540720496640.000000
-3859244205998080.000000
4351580065234944.000000
20356463503343616.000000
5603728119824384.000000
2726622675337216.000000
-7995616881803264.000000
4629480823848960.000000
-6850436329897984.000000
17960209980850176.000000
-1851754211704832.000000
-22811938652160.000000
-1919596575588352.000000
484919692230656.000000
375359707021312.000000
4026096169254912.000000
22187987697664.000000
-873949944610816.000000
409214820286464.000000
1389096442265600.000000
-278638889009152.000000
-1552944075898880.000000
183323565490176.000000
-722599189413888.000000
-1946420659617792.000000
661745542627328.000000
-255231787008000.000000
229855325061120.000000
97108271038464.000000
1629702926106624.000000
265220454875136.000000
-1428452435558400.000000
1245437973495808.000000
152589047955456.000000
154540221399040.000000
136498179473408.000000
27786031075950592.000000
-12867300038279168.000000
-8118341277319168.000000
83872903040335872.000000
35034119100432384.000000
-48920214372352000.000000
-64111436388892672.000000
22779585267499008.000000
-61238644433747968.000000
3086499595681792.000000
-29160145732763648.000000
-33362790559252480.000000
-49979172918919168.000000
-833746366365696.000000
-207242993336320.000000
1132046273478656.000000
-390773472231424.000000
-158033657200640.000000
158529558151168.000000
-292090894352384.000000
28688823353344.000000
96429607485440.000000
-320696718721024.000000
-106658533474304.000000
-288683307565056.000000
1052145990238208.000000
-43566130790400.000000
6409167094939648.000000
-2975607029760000.000000
-1736054772072448.000000
-4196427861327872.000000
35820937412608.000000
-4214596915167232.000000
2078881343340544.000000
5228426361307136.000000
5349444044193792.000000
2260574700306432.000000
2689084661170176.000000
-4068036256464896.000000
-4135692728795136.000000
588757136834560.000000
-3611258699907072.000000
-7913205049327616.000000
-890615961223168.000000
-2853885777543168.000000
3097312175849472.000000
537479857831936.000000
475816441937920.000000
-290992053813248.000000
2321419086069760.000000
-3313826309079040.000000
611528717893632.000000
-2204030784765952.000000
1142032475095040.000000
1050576381018112.000000
-3161189613830144.000000
891276379553792.000000
-707933620928512.000000
-1033249946075136.000000
1142900595359744.000000
302513236475904.000000
-1717166713864192.000000
1961452910936064.000000
1673626482900992.000000
-225965292650496.000000
-1863815956267008.000000
-1992831405129728.000000
-1541761591672832.000000
-1428295535034368.000000
3875516494905344.000000
2710605131677696.000000
2034613115420672.000000
677813954805760.000000
1686106449903616.000000
1944362967629824.000000
-811555880960000.000000
216837262409728.000000
-2089793244626944.000000
-2413698069037056.000000
-162779646394368.000000
2479140754161664.000000
-3094145174339584.000000
-817693523443712.000000
3042645901312.000000
84928523927552.000000
1836721691951104.000000
-182757686771712.000000
539066445594624.000000
141055315935232.000000
1714846894653440.000000
1731611494187008.000000
-3395785022504960.000000
2335287267033088.000000
3568766977835008.000000
-1703153846190080.000000
-10993676389974016.000000
2360571739504640.000000
3761742811234304.000000
2233782023225344.000000
4434071891476480.000000
-1281861309431808.000000
-54307797860352.000000
421958424461312.000000
3244336691019776.000000
-3230710907273216.000000
-994086219677696.000000
4042706955272192.000000
-1108164711809024.000000
2839117264060416.000000
1856035354574848.000000
-2256210476662784.000000
-1554389063958528.000000
-881104152166400.000000
-766533013864448.000000
812648950136832.000000
3473840415965184.000000
87820664307712.000000
-474222103101440.000000
-135362999484416.000000
234743719264256.000000
-194043870969856.000000
420878206631936.000000
143949821902848.000000
-415804474523648.000000
220695468441600.000000
-25931005558784.000000
374978730000384.000000
-414363949203456.000000
-217396128251904.000000
232548907089920.000000
10979938937077760.000000
14337312724877312.000000
33368081958961152.000000
12647381606596608.000000
11536481873035264.000000
-21930775175757824.000000
-585164262473728.000000
20403942219317248.000000
-7128955832238080.000000
12773293941587968.000000
8092209622548480.000000
-26792014582382592.000000
2540143785279488.000000
-3841148166602752.000000
-680936664465408.000000
1803541056323584.000000
-4803579470675968.000000
3371208682766336.000000
143148491735040.000000
-281503162433536.000000
599195719303168.000000
-274230121857024.000000
-3773877436022784.000000
1339502186463232.000000
582268514992128.000000
391915799314432.000000
-2503312293232640.000000
-2364548879220736.000000
2139343208579072.000000
1498353028300800.000000
1764108022054912.000000
1241081668698112.000000
3541010751684608.000000
2379205991989248.000000
2560143032057856.000000
597314926280704.000000
-2601025483571200.000000
-5279869868965888.000000
-4479232935723008.000000
132627559308328960.000000
10846274186117120.000000
-111915405940883456.000000
321562861421723648.000000
71063004166225920.000000
-136564669929226240.000000
-164402397379035136.000000
50179610452688896.000000
-94085544996241408.000000
66078003129483264.000000
-39502390474309632.000000
41678959640838144.000000
-154657099404541952.000000
-3038671376744448.000000
-1634863195095040.000000
3333426392334336.000000
-1311882728177664.000000
-1984989600153600.000000
827081046884352.000000
1848086846504960.000000
2294228453425152.000000
-538757174394880.000000
557747137413120.000000
-187731141459968.000000
-1212381623484416.000000
4140627914653696.000000
-4804815347515392.000000
-364169840820224.000000
4737918010654720.000000
-1333803704385536.000000
2848149580283904.000000
497049686507520.000000
142918123782144.000000
-825702093946880.000000
-1428542629871616.000000
-1732468877033472.000000
1851830313156608.000000
-1570745238945792.000000
-801155214999552.000000
-1586386972966912.000000
488210945802240.000000
1361198482194432.000000
-313870941945856.000000
-1386586704969728.000000
179776476151808.000000
-1156805820416000.000000
-167590982844416.000000
1797256982298624.000000
1154448420241408.000000
389891594649600.000000
-59106815639552.000000
480774881017856.000000
317295641493504.000000
4132724101087232.000000
-252477857333248.000000
-3264692420083712.000000
-4408647832567808.000000
364065754972160.000000
-919347614711808.000000
2280798359126016.000000
4120367480176640.000000
4576003112304640.000000
1505532468789248.000000
7272417403600896.000000
-4644789697904640.000000
-1628517917786112.000000
-218883797549056.000000
793770287169536.000000
-850674443091968.000000
1822608026763264.000000
-531306345660416.000000
-4631480131125248.000000
-1024345874890752.000000
2320372456226816.000000
-2108687208415232.000000
1725140589084672.000000
885941157756928.000000
-2063595017863168.000000
-839031524950016.000000
384170060677120.000000
-1384981326725120.000000
1047533598015488.000000
143334282625024.000000
803640658886656.000000
-718385893605376.000000
-923716535975936.000000
-713806854488064.000000
344418829729792.000000
465986671083520.000000
-417508670570496.000000
-683564916015104.000000
-478558141022208.000000
528062437392384.000000
-595386687291392.000000
12995508830208.000000
-1128082287099904.000000
2014055791329280.000000
-566207350571008.000000
1051325315940352.000000
1695511757193216.000000
416159144869888.000000
-154924151209984.000000
794771014549504.000000
-65355590402048.000000
-227171910025216.000000
-348761276547072.000000
-627874201600.000000
260410393493504.000000
-415074866954240.000000
42400001032192.000000
236534989062144.000000
131223758307328.000000
-70367167119360.000000
1687631834382336.000000
-816114317656064.000000
-174234257063936.000000
154992300261376.000000
-2953232129196032.000000
132004712546304.000000
6125144665751552.000000
-488330097590272.000000
1551285681651712.000000
360455298088960.000000
-2368536756355072.000000
-1954386213339136.000000
-87504254402560.000000
235689752920064.000000
-22627127132160.000000
2090508759334912.000000
1080246753296384.000000
-1105960319844352.000000
3155583607767040.000000
2597263360655360.000000
301938314838016.000000
-9259842115993600.000000
2324196856168448.000000
3719334304153600.000000
2575086297022464.000000
1809215916081152.000000
444898482323456.000000
1590301433004032.000000
-622042529398784.000000
1357871224717312.000000
-25018553597952.000000
4636211037601792.000000
-2205871983558656.000000
-837984895107072.000000
-6118968502779904.000000
11613997367296.000000
-2342714070794240.000000
1526749875666944.000000
5291305756262400.000000
3521031369129984.000000
1631739009040384.000000
2207144501837824.000000
-3166927421702144.000000
-11275941640667136.000000
-1486342554910720.000000
14493093336186880.000000
-19336922019135488.000000
-8940859189886976.000000
-208463032483840.000000
17722996789608448.000000
8314365195321344.000000
-2272678991888384.000000
-9093971552763904.000000
5578177359380480.000000
-13003168107462656.000000
16886750550949888.000000
-566968901959680.000000
1952524881887232.000000
-1992448750387200.000000
-1887188094550016.000000
-1902266114113536.000000
-270520108974080.000000
685629050454016.000000
1025600810647552.000000
700347366506496.000000
-1114068144357376.000000
1808267130961920.000000
-100617032826880.000000
-211667212304384.000000
900323728162816.000000
-2222095148777472.000000
-1045831180353536.000000
1997901077151744.000000
421949129883648.000000
23361193246720.000000
1959881221341184.000000
574806277750784.000000
-164995245539328.000000
-3192681924657152.000000
-1830571969871872.000000
-3075951424438272.000000
3294147574235136.000000
-9148751713140736.000000
-1815389663133696.000000
4702538217553920.000000
1790120357265408.000000
-4033542568804352.000000
7026070427533312.000000
5675474474762240.000000
-6958639977857024.000000
4684735041241088.000000
-1067640017649664.000000
622309354242048.000000
-8524361715679232.000000
-3606525109075968.000000
-1169034397614080.000000
742255912550400.000000
-3389118964826112.000000
-797346384314368.000000
11010687681691648.000000
-1374757828165632.000000
-5964160701562880.000000
-399643988983808.000000
-2862962654052352.000000
3314410156195840.000000
322444669747200.000000
-849319246692352.000000
-3610045908516864.000000
-1750488546541568.000000
-128089178767360.000000
917172750647296.000000
-1217822407524352.000000
579778239266816.000000
525190647775232.000000
601520169025536.000000
679705082593280.000000
-736058945830912.000000
-24103817838592.000000
638441452732416.000000
-265222954680320.000000
83967751487488.000000
-20093461180973056.000000
-4060609452703744.000000
1648741845041152.000000
-5612590784839680.000000
-2249190218399744.000000
17308735382749184.000000
6018634845519872.000000
-108412591407104.000000
5991429985796096.000000
7709176386027520.000000
-1080430363148288.000000
-1826873600376832.000000
2400911146090496.000000
-1653201229053952.000000
-1365060328882176.000000
-4891820647514112.000000
-5559278966407168.000000
2893746026840064.000000
-1601745776017408.000000
335141163499520.000000
3898350688534528.000000
3654092408750080.000000
3139711287689216.000000
-3296909506641920.000000
1072651774722048.000000
-2990375274807296.000000
-548511447777280.000000
392504880922624.000000
-312832902037504.000000
-794497814364160.000000
-61579294932992.000000
-2294845276160.000000
428049694720000.000000
-159259685814272.000000
-475441840259072.000000
324120344526848.000000
-677998369964032.000000
128338630803456.000000
614843560230912.000000
-15117219730030592.000000
589455337455616.000000
512580321804288.000000
-6077489856118784.000000
6950412431130624.000000
7304004203708416.000000
4587554426847232.000000
6719047374733312.000000
5669500712124416.000000
6248838650134528.000000
3730160574529536.000000
-1444498567593984.000000
5570664387837952.000000
-8071162672185344.000000
274644821082112.000000
3547593594372096.000000
-6531770694500352.000000
-4332991715213312.000000
-4114061126008832.000000
-837860945035264.000000
-4114344593850368.000000
1464211930611712.000000
3047960048828416.000000
-441195381653504.000000
2604725866332160.000000
-1942536532787200.000000
60137565142908928.000000
33834805317599232.000000
869938847809536.000000
8143063109074944.000000
16133795539320832.000000
-25995049040871424.000000
-22925186806317056.000000
13973443095560192.000000
-9462335865356288.000000
48911779056582656.000000
13243096791777280.000000
-18860006703104000.000000
-14483803321925632.000000
-1811349172649984.000000
-5900649946415104.000000
-6239911560609792.000000
2189431519838208.000000
5587744399032320.000000
-608240249339904.000000
-412277400403968.000000
113900284542976.000000
127643668185088.000000
-10546115027927040.000000
-382709738242048.000000
-4039104014581760.000000
-3503850426204160.000000
231086403214114816.000000
65952036033658880.000000
-167616613464408064.000000
230561403591720960.000000
107563504558407680.000000
-195364129421131776.000000
-144776836377739264.000000
102868108871467008.000000
-23650003339706368.000000
185333972035698688.000000
690248220672000.000000
-19790051806281728.000000
-167123516859088896.000000
-3099081165504512.000000
-682425273286656.000000
4875147047600128.000000
-1177334824566784.000000
-1025295465316352.000000
-1335905285570560.000000
-408499976667136.000000
-1614734293991424.000000
383245199867904.000000
1278666122199040.000000
-478811913191424.000000
691804273901568.000000
958073589989376.000000
-515950025637888.000000
-147604721631232.000000
-523636775583744.000000
-309645230997504.000000
67042308784128.000000
283741243047936.000000
-294695355809792.000000
155339353751552.000000
-181912517738496.000000
247655397588992.000000
146328797577216.000000
131487940739072.000000
-123905402470400.000000
-1704282348847104.000000
1388884109819904.000000
6061312966656.000000
-3369693633052672.000000
-322922585522176.000000
747245926350848.000000
-578843010138112.000000
1690753604517888.000000
1986935622991872.000000
-811384552030208.000000
152626612142080.000000
1983791035842560.000000
-533972345946112.000000
-3296136144093184.000000
553650913017856.000000
3384177873387520.000000
-1390461033906176.000000
-1030477746012160.000000
383688118370304.000000
337127652982784.000000
698096199663616.000000
-206133079834624.000000
-207214857945088.000000
1350293560229888.000000
-182452559544320.000000
299842840559616.000000
-1271015443267584.000000
-457238762225664.000000
-714314264608768.000000
-2339854427881472.000000
4992209602478080.000000
1568612116594688.000000
-101460842905600.000000
667326852628480.000000
-1608209567580160.000000
-1981150704697344.000000
523193420873728.000000
-668400527343616.000000
1049629139402752.000000
8082245.500000
-1900046.500000
21361434.000000
7736880.000000
1848314.125000
-6892009.500000
1022135.250000
-908451.437500
-1332368.875000
4920242.500000
12830423.000000
3319745.750000
4332527.500000
8399.250000
-6128242.500000
-10217229.000000
-4141050.000000
-2042413.625000
-1638826.000000
-2667358.750000
-13465999.000000
-14136333.000000
-3641015.000000
4914909.500000
13903427.000000
-4920160.000000
-11134671.000000
1956685.375000
-1710751.000000
133231.078125
-8343202.500000
10037539.000000
-13822949.000000
-3781417.000000
7052361.500000
3154072.000000
1267152.375000
-15684323.000000
-3934954.750000
71579.914063
6250430.500000
-11095191.000000
3268457.750000
-14447113.000000
3834418.250000
6037683.500000
-14212680.000000
3275602.000000
2006325.000000
-8994034.000000
-6202449.500000
-2287725.250000
32499710.000000
-9362110.000000
3831584.750000
19903824.000000
11573753.000000
19969522.000000
2658567.500000
-40126172.000000
-1795090.375000
-4485159.500000
-13243589.000000
-4298964.500000
1483612.875000
-11701045.000000
-3894110.750000
-11208868.000000
7692003.500000
3750139.750000
-5648102.000000
3106941.250000
1796843.125000
-1717173.625000
2094973.500000
-5800270.500000
-4298207.000000
-375375.750000
1406302.000000
3103945.250000
780146.250000
-3691098.750000
-4883413.500000
2794016.250000
6222682.000000
2292076.250000
-5109213.500000
1580988.875000
946645.500000
-441831.343750
4602550.500000
-7225512.500000
-2024262.500000
4653522.000000
1904231.375000
-147660.046875
-8813217.000000
-2876664.000000
2090939.500000
3219900.000000
-511266.125000
4687876.500000
-2786691.750000
-2998916.750000
-3903676.000000
-2280652.250000
3967785.250000
939971.750000
-5574088.500000
213102.187500
2350365.500000
-859308.687500
-2858186.250000
1211796.250000
4078147.000000
6624156.500000
955496.687500
13170093.000000
-8682197.000000
4667382.000000
-8319234.000000
-3695788.250000
-2005802.875000
-888896.062500
8504499.000000
-1031996.000000
-2293853.750000
5446524.500000
-3733890.000000
-3458449.250000
-1531492.000000
27562.111328
-5533571.500000
-3113417.250000
-3219774.250000
-638786.687500
-2662909.750000
-887438.500000
-944966.437500
2215093.750000
3000084.750000
601864.187500
1476902.375000
4677028.500000
5023436.000000
157832.609375
3499739.250000
-4096902.750000
-4412141.500000
4896079.500000
-2006381.375000
-4131682.250000
-1785009.375000
-1670964.000000
5237584.500000
-3213401.000000
2494525.750000
-4096753.250000
-1867500.000000
3384838.250000
3808072.750000
-2522238.750000
3625688.250000
-1906610.000000
4777126.500000
4316908.000000
-4195416.500000
898369.187500
-455606.468750
3190522.000000
-661839.000000
3446243.750000
1560553.625000
322020.531250
159675.203125
-1321385.500000
-1271426.000000
323571.093750
-2962488.250000
-5094537.500000
-5887806.500000
3887575.750000
-1008232.312500
573046.187500
-4990194.500000
1831081.125000
-3197150.250000
5597598.500000
1542005.000000
653907.562500
1024637.000000
-2913534.750000
2753198.750000
3553548.750000
40905.480469
679156.625000
-3117248.750000
-3337818.750000
461183.093750
-214410.953125
5110623.000000
-2336955.250000
-4972809.500000
-4136314.750000
-2045468.500000
-8067736.000000
1597071.375000
2019013.875000
11657055.000000
2164517.000000
-101343.085938
119869.500000
-2161570.250000
4722467.500000
4333866.000000
-4047934.000000
2248565.500000
-3887306.750000
-1535826.625000
-1743036.000000
-891959.812500
5958589.500000
-595304.500000
817079.000000
8336329.500000
-1699641.500000
-3366559.250000
-3201763.000000
5100055.500000
218090.953125
4268608.500000
-1669493.625000
-3776823.250000
4492536.500000
-6373006.500000
-2591323.250000
1759432.625000
3988004.750000
6969220.500000
-1189582.625000
1844044.875000
-8056029.500000
915608.812500
591638.812500
1155306.375000
196973.734375
-7330496.000000
269617.843750
-5959832.500000
-2212210.500000
-4926279.500000
3149729.000000
-3853215.750000
936695.687500
-8073893.500000
2907654.250000
-1786137.375000
7812518.000000
-1590753.375000
-4062657.250000
-1733506.125000
1223840.500000
-4286555.500000
-4532990.500000
-6747953.500000
-7514704.000000
3708739.000000
-2192306.000000
1786451.375000
3016202.250000
719326.687500
1663237.875000
-3231327.250000
-6516675.500000
-634419.812500
-3366285.250000
-276909.906250
-1139920.125000
5686812.500000
8168510.500000
602489.437500
-20924010.000000
-813845.437500
-5663640.500000
10382620.000000
3268539.750000
-17585312.000000
4852678.500000
-8213139.500000
-309332.656250
1915557.625000
-1373054.375000
-3192052.750000
8313828.000000
6986898.500000
9111927.000000
3364673.000000
2562705.250000
1399350.375000
5584952.500000
-2500849.000000
567336.125000
893868.000000
-3336272.750000
4503949.000000
-510753.406250
-3279560.750000
2405744.000000
2310865.250000
-1109498.375000
2554316.000000
-1604243.375000
4551486.000000
1338295.000000
-4491165.500000
8586271.000000
7137998.500000
7312947.500000
-821179.562500
-4314132.500000
-10291587.000000
497510.000000
-10135695.000000
-8144774.000000
2295784.750000
-6126205.500000
-550594.312500
-811238.687500
-9258228.000000
-3627377.750000
9079566.000000
-3350770.000000
398050.593750
6561486.500000
2562472.000000
5404788.000000
-912764.312500
-4071306.000000
-5917030.500000
-3955029.750000
-4899866.000000
1422524.125000
5790404.000000
11721991.000000
-7251824.000000
-724376.812500
9888043.000000
2862114.750000
-10361109.000000
5194881.500000
-8687303.000000
1292863.375000
-6287414.000000
-3672817.250000
39241.285156
1559317.875000
902390.687500
-9928779.000000
-1500203.875000
-9228323.000000
2421609.750000
-3959889.000000
4518178.500000
855095.750000
-4574171.500000
5157304.000000
1323035.375000
-570248.250000
2153071.750000
-2495400.250000
-9695145.000000
-6865862.500000
-11849493.000000
-159713.734375
-8858997.000000
-6238296.500000
-3134491.250000
2501767.750000
3402467.000000
9520984.000000
6678840.000000
8701299.000000
10680915.000000
588090.812500
-2761959.000000
6531438.000000
652731.625000
-2403023.250000
-5539536.500000
4211104.500000
-4169947.000000
2204362.250000
3992925.250000
1818003.125000
127620.664063
528363.687500
1313996.625000
-2607313.250000
2801045.750000
279739.406250
6007246.500000
1698043.000000
-3164437.250000
1834693.500000
-5662992.000000
-987469.000000
-264112.250000
-2382613.750000
4749790.000000
-810141.312500
-2012728.125000
-1205639.750000
1212934.750000
1692328.625000
-4176272.750000
-166475.984375
766477.312500
-2806773.250000
-6613411.500000
-1761682.375000
1683130.125000
-859786.750000
-5848492.500000
2219458.000000
5210656.000000
9979627.000000
-1039093.500000
628006.687500
-9977096.000000
-3606778.000000
-3579916.750000
-1230648.625000
-4141682.000000
933786.687500
2297795.000000
1302759.750000
-888475.437500
665721.937500
-5265716.500000
-1492049.000000
1800559.125000
-3935532.000000
3826653.250000
1761446.875000
-1624008.000000
-4152324.000000
5035772.000000
-7275431.500000
4596.875000
-9675327.000000
-1744448.875000
4230731.500000
-3858612.750000
295271.281250
668482.937500
-3425634.000000
544330.562500
-743988.812500
-5119394.500000
-1621328.625000
-957060.000000
-865788.500000
2847013.750000
-477878.875000
7022888.000000
685127.812500
6669957.500000
-3001437.750000
-3912246.750000
-234624.140625
1661589.500000
-1907378.125000
-5516377.500000
-1638895.625000
-1923705.000000
1532147.625000
2501406.750000
-1611596.000000
-2197021.250000
26672.257813
-4599203.500000
4356756.500000
698963.062500
-2608220.750000
-6866846.500000
58856.847656
833936.000000
4965286.500000
1119852.500000
4122079.000000
-3249796.750000
-2861803.750000
2008727.125000
-1365374.500000
-2369925.750000
-4346458.000000
2171109.250000
-3573528.000000
4110163.250000
2738124.000000
-4544197.500000
414263.718750
-2484278.250000
-4522487.500000
-2230148.250000
-2707411.750000
4072631.000000
705973.937500
3522215.000000
-4018119.750000
-636539.187500
593973.062500
5783888.000000
-7598481.500000
-5476154.500000
1036005.187500
2330668.250000
535537.187500
2256647.250000
-919116.500000
-801665.937500
-3998960.000000
-3311045.000000
-6081956.000000
-964437.187500
2122545.250000
-1562392.625000
2171445.000000
-879385.437500
-578435.687500
1923308.125000
-723561.562500
1144875.000000
1354810.875000
-1738993.625000
-1320750.000000
472148.781250
5205537.000000
2416315.000000
1463544.375000
796685.312500
-2080706.875000
-842694.312500
1887590.625000
2997628.000000
-638110.000000
1583450.000000
-1203924.000000
3774983.750000
636135.937500
-1977437.625000
2539316.000000
318579.531250
-719640.562500
2238683.750000
3498998.000000
-173285.390625
162217.609375
-2424716.750000
6342613.500000
1802783.125000
-2107789.750000
1031991.437500
-492957.843750
-1782366.000000
2411232.250000
-2891539.750000
-1242900.500000
-608691.500000
-730844.062500
1076285.625000
-1515530.500000
1494121.500000
-1894680.000000
863161.187500
517946.843750
-5318533.000000
-717828.750000
-2156686.750000
3739991.250000
-2060761.625000
-1659645.625000
-724899.937500
-1639659.625000
2105457.000000
1595001.375000
-1114158.625000
-18095248.000000
5298204.000000
3996663.750000
-3887554.000000
-1361672.000000
-3768758.000000
-4116660.250000
7399322.500000
15802841.000000
-1314710.250000
6965612.000000
1504907.000000
-8602926.000000
-1478969.000000
-1010417.687500
-8518493.000000
-9352579.000000
6735178.500000
1691525.375000
-6392468.500000
-4389516.000000
-8969539.000000
-4456662.000000
5490655.500000
-13821009.000000
-1357891.125000
381104.656250
-14661287.000000
-5728512.000000
6705004.500000
-1746117.500000
8973859.000000
6456690.500000
-11953521.000000
-7233960.500000
1027694.687500
1423325.875000
-1393163.625000
1180174.625000
-1828780.625000
-3077601.250000
-12246787.000000
6298641.500000
487140.156250
-9790073.000000
3917145.250000
790778.062500
4626216.500000
2506916.000000
-3083797.750000
2734291.750000
-7990204.500000
-2860655.750000
-3313639.250000
-7693944.000000
3495601.000000
-4944527.500000
-13758561.000000
944504.500000
-2582271.250000
-2181174.750000
41478.500000
-3342768.250000
225784.453125
7841450.000000
2916274.750000
-4911124.500000
4414158.500000
-5434959.500000
1682316.500000
1604292.625000
-3405492.000000
-1426477.375000
165495.859375
2550920.250000
-705880.812500
-1940156.375000
-5330919.000000
-2421977.500000
707765.437500
1903990.375000
-2813586.750000
6777877.500000
3435206.750000
1307710.500000
-625040.750000
-7743418.500000
973545.500000
-1042098.812500
-4115579.000000
5159051.500000
266470.031250
-2168275.500000
251235.078125
-1099619.500000
-1647635.000000
1207565.625000
-8300284.500000
7652393.500000
-504141.500000
3954771.250000
3112588.250000
-2669666.250000
-4936737.500000
-2666715.000000
-1947103.000000
-2749656.000000
-2009434.000000
3570134.750000
-7157338.500000
-1805351.000000
-3024376.000000
-3212335.250000
-1115125.875000
-1596834.375000
6604857.500000
-8527264.000000
-1837564.125000
6700138.500000
1154459.125000
-1766719.625000
-1337599.875000
2170649.000000
-2502677.500000
618486.750000
2272126.250000
-2822157.250000
-21557.134766
-1576725.875000
-996129.750000
-19686056.000000
-5439541.500000
662147.437500
5654039.500000
2551301.750000
2828318.000000
2600755.000000
-23885.412109
-8857549.000000
5748514.000000
2071353.000000
-3366833.000000
1406829.500000
951470.312500
4193589.250000
-6249139.500000
6708573.500000
-815920.500000
237022.312500
-18729088.000000
6549.854004
-4040869.750000
3621708.250000
1967524.625000
-5557268.500000
-5576144.500000
-2679876.000000
4029028.750000
1628602.875000
6131802.500000
1845435.625000
2419377.250000
22192130.000000
-9387706.000000
-701366.187500
-3998498.750000
-2008355.625000
6315262.500000
-540987.312500
2387300.250000
5429683.500000
2183400.250000
516502.156250
-8951489.000000
10951621.000000
-3198306.000000
-3606338.000000
-1417704.375000
2695921.750000
1295649.125000
14319147.000000
-7677243.500000
2602477.250000
7640205.500000
3594856.750000
7092325.500000
-2457167.750000
967311.312500
-10281472.000000
-2155301.750000
2397879.750000
2068427.500000
5216336.000000
-164323.437500
6550680.000000
2993383.750000
-2815321.750000
-350708.031250
-3154241.250000
1248906.875000
-1816130.625000
-2868122.000000
636741.687500
-7115914.500000
4629207.000000
-2943147.250000
303864.093750
-2302234.750000
5190283.500000
4789456.000000
3804343.750000
337613.156250
-1723406.625000
5678185.500000
-263061.031250
-2388381.250000
-3744634.250000
994847.812500
2957250.750000
1501313.500000
815649.562500
3788541.000000
4993885.500000
3212315.250000
514284.218750
4744702.500000
5630068.500000
-6985966.500000
1657923.125000
-4792034.000000
2567126.250000
-7301184.000000
-420357.968750
662931.562500
-3373098.000000
-1245288.875000
-436885.875000
-848259.187500
-172759.984375
482583.906250
3960589.250000
-3694772.750000
2774320.500000
-3351311.250000
-708485.437500
5126100.000000
785741.750000
-5484532.500000
2843314.000000
-3879195.000000
152993.312500
-4014745.250000
6864729.500000
-6008456.500000
-4947091.000000
-533962.625000
-2205090.000000
-4818864.500000
2185167.250000
-974267.250000
-2796500.250000
-1291968.875000
-1309252.125000
-2214063.000000
412129.093750
2978134.250000
-1047305.937500
-253422.546875
-752907.250000
-43273.832031
918842.812500
-108074.335938
-1964184.500000
-2474333.750000
934784.312500
-2859172.750000
1668506.625000
-430682.468750
82942.265625
2304887.000000
-303153.000000
1573224.000000
-285122.031250
1032506.500000
1444320.625000
2481298.750000
409369.875000
3103925.250000
111158.562500
2023565.500000
-2741270.250000
610500.687500
339009.406250
-1125421.625000
-1097683.125000
668718.937500
-2757609.250000
-4821527.000000
-666293.562500
-565127.687500
-1583307.375000
1442988.000000
-778377.187500
1728253.875000
-6113140.000000
1329009.375000
-1223007.500000
1338086.875000
1628375.375000
1373285.625000
28512.437500
-512996.250000
-3186257.250000
400553.781250
536622.187500
-1659472.125000
140442.250000
358816.000000
-3237453.250000
-1681313.375000
-1253657.500000
-1182103.125000
-2811895.750000
24077690.000000
-2720761.750000
37933920.000000
-13913675.000000
8606323.000000
-2362508.750000
336360.000000
1747041.375000
-1733528.625000
1427447.375000
-1997775.000000
-4011994.000000
1081202.000000
-25975944.000000
4366688.500000
-3395708.750000
-6583398.000000
2314180.750000
-4920614.000000
-4814580.000000
1856049.375000
12283741.000000
2298842.500000
26873.712891
6150270.000000
-5289373.000000
-12468141.000000
-8752912.000000
1162342.875000
4745061.500000
3817782.250000
18253068.000000
-3678736.750000
-1769232.375000
20775266.000000
-359419.531250
-5162934.500000
-3305259.250000
-4527653.500000
5594346.500000
4791646.500000
-3274000.750000
5422223.500000
-5277207.500000
3714531.250000
2608998.750000
4006743.000000
7008329.500000
-6478379.500000
-4695465.500000
-2620311.000000
-4283374.500000
10230988.000000
-2035864.875000
-443629.906250
51592076.000000
2484357.750000
-4634938.500000
-3292740.750000
-931092.687500
5066875.000000
-841999.437500
-3315777.000000
565654.187500
-6074822.500000
1471002.875000
-3297177.250000
-5931678.500000
-2329310.750000
1388426.500000
-5710847.500000
393012.406250
-2948670.750000
1017174.000000
-2438488.250000
-7613291.500000
1911331.375000
3320050.000000
-11239275.000000
9213654.000000
3313916.250000
2040282.375000
292512.343750
-4857910.500000
-1626454.625000
999914.562500
-6827096.000000
-5192899.500000
-1389470.750000
4315486.500000
-6727860.000000
3567365.250000
3219236.250000
-3689076.750000
-2885866.250000
5280880.500000
8899292.000000
3504256.000000
-4192060.750000
11011757.000000
4728622.500000
-2609411.750000
1711937.875000
1424342.875000
2789427.000000
-424484.656250
953289.250000
-3056814.750000
4519311.500000
-4169447.250000
7458008.000000
12578772.000000
-2141293.250000
-2676860.250000
6824777.500000
-2773918.250000
-8457819.000000
19524472.000000
-458271.500000
588279.625000
-2380476.000000
-4298847.500000
8482484.000000
-4897448.000000
-13500115.000000
-2602768.250000
-3269685.750000
9634561.000000
-515412.750000
-3348950.250000
-658030.312500
2104856.000000
2594036.750000
1073572.375000
-2380653.000000
-2074265.500000
2820268.750000
-3171088.000000
5889117.500000
2640393.000000
4528592.500000
-1704664.375000
1111227.625000
1535283.875000
-9858057.000000
-2094348.375000
1567991.625000
-2119443.250000
-3149162.000000
807814.812500
-506727.093750
-1167106.125000
3213888.750000
1796869.375000
7582049.500000
-1087595.125000
-1280212.000000
3182215.750000
-1862060.375000
6676673.500000
3350795.000000
5608614.500000
2398693.750000
-2088415.125000
-5310837.500000
-4959693.500000
-3610692.750000
-6302410.500000
6800054.000000
-2652675.250000
-20277.146484
-3759431.000000
-4523276.500000
803225.000000
1911362.625000
-9030024.000000
-212989.125000
-6362993.500000
-3178602.750000
-3370434.000000
-1885330.375000
3382708.000000
-2552472.250000
-1727674.375000
-1646564.000000
1743706.875000
4512551.500000
-9632427.000000
5016060.500000
-36153.144531
-2083230.375000
1544509.375000
-5206696.500000
1025824.750000
4672368.000000
997122.312500
3768279.000000
7483166.500000
2733676.750000
-1357113.375000
6733148.000000
1348355.375000
2482917.000000
2683408.750000
-1653394.875000
3528473.250000
1276155.875000
-3881023.250000
2020776.625000
-5395470.500000
3699037.250000
1768631.125000
528614.062500
-9014657.000000
-2138225.500000
-5114509.500000
6540760.000000
685428.750000
-4943947.500000
1165503.750000
-8001981.500000
-762094.000000
-5367474.500000
3898059.250000
-2261587.750000
3506809.000000
3110981.000000
6446298.000000
2151338.250000
5936056.000000
2184367.500000
271982.468750
1524.958374
-4627162.000000
-2033001.500000
-985621.687500
704313.812500
1859780.875000
-6350762.500000
1246453.375000
6277160.500000
8155549.500000
-4954127.000000
-2084955.500000
-2086585.500000
-7010959.500000
-4281589.000000
5354046.500000
-12934057.000000
4854279.500000
8957252.000000
-2375853.250000
12846079.000000
4058378.750000
-10595223.000000
-3148863.250000
-3133503.000000
6317315.500000
144636.765625
-2420885.250000
4772107.000000
-2423611.000000
-1991113.875000
-6691966.500000
-10969031.000000
16135933.000000
-8879695.000000
1276192.875000
-21946640.000000
-3815533.250000
5983401.500000
-5793629.500000
-3608128.750000
-7717182.500000
1071573.250000
-1115113.500000
2358530.000000
-7487797.500000
-8598387.000000
-5403626.000000
-2374164.500000
12189199.000000
10229184.000000
5118412.500000
-5646967.500000
279587.250000
-5821233.500000
-916572.187500
-2751612.000000
4690165.500000
-4239321.500000
10853461.000000
1013681.750000
-2679051.750000
2783521.500000
-9752613.000000
6422270.500000
1922325.625000
-7325786.000000
5497753.500000
-1987701.000000
-3984193.750000
763824.750000
3343972.750000
-9660536.000000
-4937144.500000
-7403470.500000
-6170074.500000
-752817.562500
4487552.000000
-4546219.500000
-1662855.000000
-25265086.000000
-11345655.000000
1106150.875000
5869467.500000
-2715486.500000
6219557.500000
3255796.000000
-4061729.250000
-2212989.500000
-3420817.250000
-9110668.000000
-2046686.375000
-3345738.750000
7338290.500000
3502491.250000
6738667.500000
11870187.000000
4833433.000000
4478535.500000
4370559.000000
4115706.000000
-1874867.000000
-2717399.750000
3469736.000000
3544549.250000
-4520423.500000
4270478.500000
-2129502.750000
-7566569.500000
3611127.250000
-6110780.500000
8280881.500000
-968195.750000
-99291.750000
3961233.750000
-2492112.750000
4074913.750000
-7783862.500000
-1099415.625000
-685422.875000
3973298.750000
6094120.000000
-3445783.250000
536.604187
5274336.000000
-3628423.750000
5975982.500000
-23242.916016
-12037271.000000
-2783065.750000
9034861.000000
-760459.687500
9291627.000000
1988767.375000
-2194531.750000
-2638257.250000
-1331454.125000
466147.906250
1622995.500000
4302794.000000
-4791579.500000
-1267691.875000
4821571.000000
-3482020.000000
-3415768.750000
13860919.000000
4152658.000000
-5352396.500000
-7838860.000000
4129568.000000
-17326740.000000
881605.187500
-2184818.750000
648154.562500
-5548372.500000
1326048.125000
-11735917.000000
1628990.625000
-1039769.250000
-6001312.500000
3092192.000000
9812015.000000
3393744.000000
-6575497.500000
-1045574.000000
5698188.000000
-2221860.750000
501625.843750
10089021.000000
-2972838.000000
1348240.500000
-3061910.250000
1261812.375000
-6194536.000000
5129175.500000
9570513.000000
1693204.625000
1568890.500000
-333959.093750
-5757297.500000
4324338.000000
376627.000000
-8401496.000000
-660279.187500
-4044831.750000
-5943512.500000
6552522.000000
-2763171.000000
-5927186.000000
-4614778.000000
-304419.031250
1003642.687500
-213271.578125
5619619.500000
-5586371.000000
-2424316.750000
-243491.234375
929295.562500
-7257982.500000
-2453384.750000
514134.093750
-1993876.000000
-3666568.750000
-2229487.250000
3161355.750000
-8162369.500000
-2381081.750000
4532002.500000
4094307.000000
1716515.000000
4112124.750000
-13052627.000000
2091295.125000
-899313.687500
-9527385.000000
-7371424.000000
-98435.585938
1038594.812500
-1003896.250000
5996376.000000
-2422060.750000
13089976.000000
3888096.750000
29354866.000000
714928.250000
-1812315.000000
-4197158.000000
5949306.500000
19348354.000000
5673126.500000
-2710606.250000
3933062.000000
-2132570.750000
-22830008.000000
882139.750000
12285041.000000
8334807.500000
5494416.500000
1704738.375000
11301487.000000
17205666.000000
-15646845.000000
20149750.000000
10907689.000000
13394941.000000
1841049.000000
-1262618.250000
5606413.500000
-17496842.000000
11082304.000000
-8411712.000000
1243747.500000
2409371.250000
6946920.000000
-5161724.500000
-8525348.000000
11753917.000000
17979894.000000
-11032737.000000
-4416453.500000
13392728.000000
-5450515.500000
-1973977.625000
-7250602.500000
10646322.000000
3671239.000000
11398572.000000
6567985.500000
8857325.000000
7901466.500000
-9796101.000000
1031218.750000
-7800990.500000
11768319.000000
10088761.000000
42303916.000000
18732160.000000
2451410.750000
-11272463.000000
-19939646.000000
-10133109.000000
-13514712.000000
15807579.000000
-20756102.000000
5237000.500000
8058408.000000
18331464.000000
-2604619.250000
1792823.625000
-2153655.000000
2913560.000000
673567.375000
-1516150.000000
1167729.625000
-1109239.875000
1168210.875000
6316057.500000
-1119595.875000
-448681.718750
2258012.750000
84336.960938
1894788.125000
-1208875.000000
341109.906250
1018441.937500
984226.250000
-4932374.500000
2396073.750000
452759.000000
1126858.125000
2042471.875000
-550004.375000
-883025.562500
-563230.062500
-311590.156250
1776917.375000
1850084.375000
-1574925.625000
5277850.500000
-879211.062500
-1982913.375000
-1645305.375000
-4941012.000000
3086039.750000
-1135979.125000
-43594.925781
1515806.375000
-2381215.750000
-4091726.750000
-193070.140625
1785267.000000
1700395.375000
-599831.312500
-5273271.000000
1413532.625000
2071749.375000
-4581256.500000
-3642527.250000
-436421.625000
708939.750000
-3038933.000000
-1713811.375000
-5954057.500000
-423769.000000
-89823.039063
65726.617188
4164530.750000
2890855.000000
-799071.562500
-976909.187500
643697.187500
2375240.500000
-6076679.500000
-7013246.000000
-9353521.000000
8955063.000000
9370281.000000
1854555.500000
6032013.500000
2462725.500000
1598640.625000
9601210.000000
-2135590.250000
-3997985.750000
-5092113.500000
2156087.250000
612373.750000
-3079546.250000
-5704142.500000
-914874.812500
4331820.500000
-2076127.875000
-2123751.250000
971398.437500
2712004.500000
760378.500000
-429096.281250
-5849156.000000
5447244.500000
-3912999.000000
-1137097.875000
-1502811.000000
-6731678.500000
1171987.750000
-9514293.000000
2676639.750000
-1286094.125000
-27505280.000000
9078301.000000
-8844611.000000
2606791.000000
4699422.500000
4857340.500000
-6293743.500000
-4014638.000000
4181582.750000
3260224.750000
10248969.000000
-2634774.750000
3760111.250000
474789.125000
9315705.000000
-6296500.500000
-8890175.000000
8845498.000000
1583761.625000
13393489.000000
-4792484.500000
-8874793.000000
9959625.000000
-6802404.000000
-939114.062500
34556952.000000
3331003.250000
-219639.453125
1336807.125000
9120253.000000
1676003.000000
1009622.437500
-2256045.750000
3536752.750000
-2014784.000000
-4161406.000000
2642036.250000
-1112908.375000
-3141731.750000
4170146.000000
1234249.375000
-2111085.000000
-25597.603516
3856711.000000
4158659.750000
3982594.750000
1665277.000000
2546892.250000
-5847540.500000
-6385918.000000
-221152.609375
5826544.000000
-146844.015625
-330931.250000
3002937.000000
-219734.625000
-3026338.000000
2803895.000000
1645315.375000
1477075.375000
3981977.000000
-2365718.000000
-1941935.375000
4661775.500000
-479983.093750
-6682568.000000
-1680787.125000
2091048.875000
351468.406250
967799.437500
-1269037.625000
-663293.437500
1778139.500000
1908093.375000
1520064.375000
253154.328125
-2909791.250000
-5498864.000000
663589.750000
2653430.250000
-5232901.500000
-584026.062500
1728181.000000
-3065732.000000
-994297.937500
425978.343750
-4522050.500000
1525962.375000
6799943.500000
4422295.500000
7180438.500000
-6508054.000000
-4394368.000000
1891023.375000
3399223.750000
-4149358.250000
-300897.656250
-2319593.500000
390144.031250
627958.750000
2893007.750000
-1759048.000000
371115.343750
839771.562500
573386.437500
1098817.125000
182240.062500
1972778.625000
728579.187500
1136041.000000
1073081.125000
-1484134.000000
2229818.000000
2532047.750000
-4132064.750000
-2863586.250000
-341853.281250
1789402.375000
2333120.000000
-95457.898438
-1880140.500000
3306523.250000
1424286.500000
-2309437.000000
1813927.125000
1985726.375000
-1145870.125000
2329736.750000
3640134.250000
2146773.250000
-3075816.000000
1247214.875000
-382116.156250
-2376751.250000
-1377519.500000
1797846.500000
-1719044.625000
-992346.000000
1926022.625000
-1596324.125000
-782885.750000
-775021.687500
-148148.328125
2503941.250000
-1498780.000000
-600743.750000
-2782323.000000
1438186.375000
1796410.500000
-2561900.750000
2157260.000000
-766341.562500
-996767.937500
5038148.000000
-907688.500000
-1203988.500000
-1280137.625000
-880128.687500
2212019.750000
-2261095.750000
-911777.812500
-6231423.500000
-611733.062500
-1292948.625000
974136.312500
4174105.250000
1629779.625000
-1204678.125000
3437766.750000
-5598004.000000
-234784.453125
1198098.375000
-2584764.750000
-2563545.250000
659256.250000
2466352.250000
-3487056.000000
-1831185.625000
2488062.000000
-9228897.000000
-1466299.125000
7557572.000000
2791961.750000
4503111.500000
3767538.250000
-2541739.750000
-1453723.625000
4500926.500000
1348195.125000
-1620465.000000
-1493316.500000
2118786.250000
-4988704.000000
-141331.515625
-6930242.500000
-2747025.250000
5429486.000000
-5156792.000000
4719299.500000
-4958564.500000
-7667427.500000
649116.062500
-2938650.750000
-2334757.750000
-857995.687500
-3134085.750000
5461486.500000
-646794.000000
303930.000000
-1863849.625000
4755708.500000
-5589855.500000
893609.687500
-1984390.000000
-6893330.000000
5310678.500000
-4427239.500000
-146337.015625
5646050.500000
66159.210938
3049601.250000
-5069386.500000
-6935044.000000
-4581497.500000
2969344.750000
1067189.875000
-16821586.000000
-3164490.750000
-7605656.000000
-4092621.250000
7458044.000000
-5623278.500000
-1197195.125000
1279884.000000
827581.312500
-838224.687500
1898894.125000
-1895721.375000
4406993.500000
-4614564.500000
4234922.500000
2024246.125000
11954417.000000
-5770190.500000
-3921028.000000
-196876.312500
-1476132.000000
9892091.000000
5118999.500000
-3233426.750000
218489.328125
-5908047.500000
-10990109.000000
-8858497.000000
-4689178.000000
-2835746.750000
-37642.738281
621445.437500
-8813951.000000
258259.171875
-7950472.500000
2802416.000000
9057154.000000
-1189615.625000
5664128.000000
-5454092.500000
-5288697.000000
-9072365.000000
3854002.750000
538000.812500
3374160.250000
5077615.000000
9716277.000000
-1948654.000000
-4881918.000000
3529847.750000
76217.570313
4134974.000000
-4153993.250000
2338471.750000
3013073.000000
-16507144.000000
3596081.250000
88610.835938
-3786407.250000
-8269740.500000
-3380788.750000
4311868.000000
-3877707.250000
9280991.000000
-4331804.500000
-2725541.750000
1176878.375000
875745.000000
-3243470.750000
-2201116.000000
3201871.250000
245438.187500
1661396.625000
3528962.250000
5616899.500000
-1658558.000000
1344278.125000
-3834826.000000
2007477.000000
-5074946.500000
-3967104.250000
1187827.375000
-2726128.000000
-485794.406250
531241.062500
218845.171875
4835958.500000
-4066772.250000
-5379874.000000
2074708.625000
2566453.750000
654290.375000
2686733.750000
747888.062500
2814010.000000
691384.000000
-907379.562500
-2781617.000000
2059226.625000
628120.750000
1052150.000000
-5103987.500000
-1072145.375000
115913.148438
6991124.000000
-875808.562500
-1691060.375000
469041.406250
2159515.750000
-422622.500000
580500.687500
1839488.125000
-1278792.375000
-3771498.750000
-2362656.750000
-4654442.000000
-1041817.312500
-1136584.750000
1369917.000000
-3469858.000000
-414271.625000
1882133.000000
566511.812500
-4496804.000000
-114113.882813
-2744284.250000
-2730439.250000
1351507.250000
-301230.031250
4168091.000000
13106992.000000
-1037403.000000
-648464.937500
2827762.000000
-5677060.500000
7541468.000000
-981676.687500
-2042629.375000
4747634.500000
-192232.609375
6566509.500000
6889446.500000
4493278.500000
25752218.000000
-6400206.000000
-2238768.750000
341129.781250
5028330.500000
-5698234.000000
4001135.250000
4604931.500000
25925768.000000
6358242.500000
-1178902.500000
16360061.000000
-6358786.500000
-5276770.000000
1308497.875000
-5998936.500000
-562228.500000
524094.968750
10052941.000000
-2329979.750000
5482530.000000
35996244.000000
-839296.812500
2993058.000000
4302400.000000
-16614181.000000
-1661218.875000
2244022.000000
-4801809.500000
4892371.000000
2099003.250000
4850423.500000
-947032.500000
-5689379.500000
-8977189.000000
-2619954.750000
174263.640625
-486886.750000
1428941.625000
3203302.750000
-22411552.000000
-1807652.375000
-1920834.125000
11855748.000000
-13033917.000000
-7880617.500000
-3312137.750000
-4035604.750000
2990467.250000
-7754268.000000
3698190.750000
-6603853.500000
-161711.484375
2801235.250000
4950364.500000
-1022286.750000
4104821.000000
3397118.750000
-1672828.000000
195313.046875
-1928334.375000
12214176.000000
5624700.000000
-2433392.750000
-10197248.000000
-7275550.500000
1369476.125000
-8917559.000000
2839681.250000
5696843.500000
1939905.000000
1885813.875000
-3867161.250000
15622255.000000
6339681.500000
9395133.000000
2084156.625000
-784765.750000
4744482.500000
10948427.000000
-11799080.000000
2179683.750000
3701812.750000
1925799.625000
3767953.250000
-4279846.500000
12159801.000000
-5574204.000000
4962736.000000
-2760965.250000
-6304640.000000
-3377607.750000
-6968838.500000
5142845.500000
-6771561.500000
1717464.125000
1342235.625000
-1794130.500000
3463100.000000
-10319500.000000
-4255217.500000
7446444.000000
-971453.500000
-230863.109375
257167.015625
6880500.000000
-6732118.000000
4476447.500000
1624400.875000
10357413.000000
2893006.250000
-10509385.000000
1814591.125000
-7930258.500000
-8357496.000000
4358305.500000
-2178001.750000
385140.968750
1639499.500000
3277622.750000
5839816.000000
122105.476563
5021203.500000
-4452319.000000
-135691.328125
2251448.250000
2043249.875000
-2885321.750000
-3746956.750000
383756.875000
3486030.000000
390146.000000
3911273.750000
4107000.750000
-88104.750000
-1987906.500000
-3250292.750000
1293862.000000
-109376.523438
5428362.500000
-555474.000000
-337387.093750
-1470838.375000
-1944681.500000
-1983428.000000
145819.546875
-90420.812500
-941606.687500
-129007.414063
-1801802.375000
3574744.750000
-2909336.000000
-3062661.750000
-4136276.750000
-3302221.000000
-2013378.625000
-4444974.500000
-7234608.500000
3631375.750000
372329.218750
-1740805.375000
1434879.500000
-4666189.500000
-4027145.250000
3571891.000000
-1320589.250000
404420.343750
1272727.375000
2944463.250000
-8379870.500000
126675.289063
-1223138.625000
-6099208.000000
8564751.000000
3842342.250000
-1547338.125000
4342662.000000
-3517460.000000
543260.937500
-3040163.250000
-1087683.500000
-2645377.250000
418226.468750
2762618.250000
-4677538.500000
-2132742.000000
3025986.750000
4181283.000000
1778832.125000
1495323.000000
3698239.250000
89021.375000
-4132541.750000
1531585.000000
-1885345.000000
-2304344.250000
649001.562500
5397932.500000
1349231.875000
3879120.000000
-433146.906250
-964365.812500
-911117.000000
2679293.250000
2772909.250000
351244.718750
1708368.625000
-242301.187500
1191693.250000
-1708252.000000
-1705208.875000
-4723535.000000
2939854.250000
1462906.000000
5234596.500000
-461371.968750
2335042.500000
-4234.528809
-2015508.375000
4248521.000000
2639050.750000
-3824518.000000
-1432736.375000
-3844577.750000
-2922218.000000
2468008.000000
2310811.250000
-393945.218750
3236152.750000
211930.015625
-3052470.750000
5215459.500000
1120400.375000
4073780.000000
-2042221.125000
1135757.500000
-4176677.250000
-814292.437500
-2875787.250000
-1668693.375000
4021388.250000
3690649.750000
2079029.375000
-2612088.000000
-1208136.875000
-1185507.625000
-3704344.250000
-977320.187500
5483694.000000
7608726.000000
-15433907.000000
-4835917.500000
7736582.500000
-482188.156250
2041286.500000
4580453.500000
2036925.500000
6239816.000000
-75165.851563
1984142.875000
-1417869.875000
-7015781.500000
-6392812.000000
-3389825.750000
-5778449.500000
-1434331.625000
2306168.250000
3256725.750000
5715633.500000
379876.406250
-7468968.000000
-13024072.000000
4291136.500000
-1628758.625000
2920993.750000
-1275855.625000
-10364203.000000
-1573728.875000
5061660.500000
-1309164.125000
-3011109.250000
11170717.000000
-2113350.750000
2522832.750000
2451078.250000
-2534751.250000
-873374.812500
761143.500000
7483532.500000
4289525.000000
3996253.250000
-167546.703125
11885689.000000
-8924949.000000
-4305429.500000
6629027.500000
-771984.500000
1998793.125000
-8407961.000000
-4584385.500000
2556342.250000
4028496.250000
8386526.500000
1238978.125000
6953108.000000
-5305002.500000
-15593235.000000
5981786.500000
6897936.000000
-7413818.500000
-131819.765625
-656959.687500
-4587066.000000
-2436175.250000
-12231101.000000
558261.250000
-647593.062500
6126533.500000
-140250.015625
-594416.187500
1742560.000000
605500.875000
287705.250000
63080.875000
2187559.250000
-2135159.000000
-904678.562500
-923101.750000
-943822.312500
1016368.937500
-1910092.875000
-1939133.875000
3452979.750000
-1115182.750000
-2160575.000000
-2149365.250000
-1517291.375000
-3039828.250000
5444815.500000
-456918.843750
-661147.062500
-146987.078125
-278927.625000
-4712994.000000
-687259.750000
-2600038.000000
-5198698.500000
6398162.000000
3926329.250000
3070142.250000
-2700835.750000
-1834367.625000
-3270401.000000
-2240547.250000
964950.500000
2509768.250000
-703620.000000
1201918.875000
-7430166.500000
-3370952.250000
4541844.000000
-5986798.000000
-2773740.000000
4633304.500000
549739.187500
-2779305.250000
2824259.250000
-7179276.000000
-297241.718750
4828828.500000
-5091113.500000
5529160.500000
30491.279297
-4086594.250000
-2537918.750000
6554928.500000
134891.859375
1212064.875000
855361.187500
2286952.000000
2083249.375000
-1620417.125000
-2349840.250000
3449896.000000
-8876389.000000
706597.687500
-2895845.250000
-4869465.500000
6281088.000000
-1329535.500000
5191275.000000
629737.125000
2373043.500000
2303842.750000
4774970.500000
4242188.000000
-397295.375000
-1096834.875000
4768406.000000
5085109.000000
-6579289.500000
-1657887.375000
3123729.250000
7605709.500000
-2594411.750000
3354848.000000
1932178.875000
-1848433.125000
64372.136719
-4707227.500000
4544257.000000
-5005321.500000
-181617.984375
-3402723.250000
-3068000.000000
-2606091.500000
-2208641.750000
-55248.925781
-5124504.000000
3348463.250000
2093285.125000
-3334014.750000
4092926.000000
-4047036.000000
-4560178.500000
-2513682.000000
-1648530.375000
-485612.031250
2366681.750000
-94739.585938
-5638832.000000
259527.984375
8300852.000000
3256443.000000
-3698000.000000
-2379274.000000
-1142834.375000
-3392155.750000
-2259233.000000
817733.500000
670390.187500
-1433273.000000
2281240.750000
769885.250000
5419268.000000
1285292.375000
1135359.625000
-710674.937500
1956049.375000
-3792463.250000
2465921.000000
4046775.750000
2577602.250000
-1247625.625000
7052296.000000
2191961.500000
900682.937500
-1796334.000000
1233860.875000
-1489486.625000
497415.500000
5155486.000000
-1341058.125000
2817916.000000
575667.687500
273823.718750
-5391103.500000
3415824.750000
-1149747.000000
5808633.500000
3410278.250000
-1548829.000000
-2266965.750000
-2341292.250000
-3448593.000000
2388589.750000
4707428.500000
622182.437500
-12030444.000000
-617064.437500
-4188484.000000
1616458.875000
-3336558.750000
-4333332.500000
259539.921875
-1603464.875000
1778645.875000
-1763596.625000
-668651.937500
-1964556.000000
-9992193.000000
2401567.250000
4141037.250000
388909.843750
3261729.000000
-5680274.500000
280104.531250
-898922.750000
-3692227.250000
-2012753.000000
-452206.375000
-6593069.500000
1132063.375000
-3374127.250000
2849354.000000
844018.500000
-4603812.500000
6823596.000000
-3008896.750000
3421944.000000
-6877494.000000
3471899.250000
1425205.875000
-3752646.000000
-5836420.000000
-2024860.625000
2897716.000000
5274942.500000
-7281604.000000
-2238518.000000
-7906505.500000
-1187606.250000
735002.937500
-417115.875000
-1731113.375000
-6345138.500000
-2121835.000000
-8403625.000000
-10440537.000000
-45081.605469
1753009.000000
-7589405.500000
1467496.000000
-13715152.000000
-873586.437500
-3055100.000000
-8768452.000000
842714.437500
14981476.000000
9434288.000000
-1916211.375000
-7414987.500000
3159912.750000
-6431008.000000
4517474.000000
-2230618.250000
-4765086.000000
-3870449.250000
-1258917.375000
-3364461.750000
506368.750000
5494434.500000
-856209.937500
9342551.000000
-256377.375000
-2617648.750000
-7922623.500000
193975.000000
680538.250000
4203164.000000
-1316595.625000
1301324.750000
-1555953.375000
-1255725.625000
4981170.500000
-7113454.000000
-1624957.125000
-1194427.125000
-2158833.000000
-3325238.750000
-2511219.750000
2339497.250000
-871869.312500
10413601.000000
-2290910.750000
-4690204.500000
-430422.750000
5689535.500000
-716145.687500
2704704.000000
-273799.968750
1382306.875000
-8460945.000000
-1747378.500000
9375892.000000
-1858645.875000
6262306.500000
1170884.375000
242693.859375
6864770.000000
12711869.000000
4761088.500000
1650115.500000
6149098.500000
-4810438.000000
8325296.500000
10604023.000000
6902176.500000
-4607209.500000
5957108.000000
4184436.750000
-3726903.000000
-4490839.500000
-5960525.500000
1021816.250000
9401908.000000
8629699.000000
4309181.000000
2349454.500000
3334733.250000
-13601861.000000
-5073350.500000
-4935007.500000
6451536.500000
-275096.781250
5435623.500000
-598159.562500
2125279.500000
2574619.750000
-8702059.000000
610141.687500
-2752164.000000
4965968.000000
3621998.000000
2209484.750000
2222482.750000
-738718.000000
-1047050.562500
-5120910.500000
-3117224.000000
-2814345.750000
10153029.000000
-1683682.375000
-4155653.250000
-10007527.000000
-4447541.000000
-7966469.500000
1895399.000000
8471495.000000
1718419.625000
-3289728.000000
1013428.812500
-5341599.000000
1189947.625000
1057986.750000
-1243519.000000
3017826.750000
-3859584.000000
5176105.500000
-490640.656250
-774931.687500
-872495.812500
3223328.750000
-2048305.125000
13388131.000000
5313535.500000
-6282128.000000
-3866229.250000
-16103511.000000
-5241111.500000
75467.195313
-3340304.000000
-6496189.500000
-738300.562500
4719097.500000
1337231.625000
-5068840.500000
-565328.812500
12345672.000000
-1986386.875000
-3609158.000000
473741.468750
-1419023.500000
4217144.500000
5303504.500000
-10951427.000000
325694.656250
1889381.500000
-355809.906250
1827016.375000
956796.437500
4440521.500000
-6004173.500000
1107562.875000
-6754520.000000
-10073845.000000
-945862.500000
-2714041.000000
-430180.000000
5815752.500000
6610368.000000
2751748.000000
-1939278.000000
-10144641.000000
2615064.750000
5961996.000000
3598909.750000
-3813780.000000
1938411.375000
-1123777.375000
2456256.750000
-612473.125000
28631658.000000
-6268895.500000
-16860246.000000
1111913.375000
-355337.156250
-1106108.375000
5794774.500000
-3177363.750000
-11501224.000000
-2765715.000000
-8856244.000000
-4511455.500000
6352378.500000
23219768.000000
-7439916.000000
-2508682.500000
7235883.500000
11476948.000000
21963936.000000
1469146.000000
2267735.750000
-7474384.500000
2438535.500000
-5949112.000000
-12938865.000000
-2662503.000000
-8732159.000000
1029370.312500
1006560.437500
4816596.500000
284321.250000
10666163.000000
-3956858.000000
1799710.000000
-4598616.000000
-8812620.000000
301294.687500
-1987018.125000
-1761439.375000
10521425.000000
2796048.000000
3192735.750000
-440625.281250
2518792.000000
-5339169.500000
-3113972.750000
9769787.000000
-252038.625000
468111.218750
-569924.125000
-2375048.000000
-2122955.000000
10925756.000000
5112415.500000
-1618087.000000
20568200.000000
84804.750000
-5495213.500000
-5948365.500000
-11117853.000000
-2288126.750000
7635251.500000
-1607585.625000
8273248.500000
-4814085.500000
-5274470.500000
6722804.000000
-8153117.500000
-4355156.500000
-393864.125000
8745426.000000
-1160372.875000
-585711.500000
-4701484.000000
-1351384.875000
-783706.750000
318279.468750
1816008.000000
8667653.000000
1359308.375000
3002242.750000
-604296.437500
5144546.000000
1470473.000000
-3889874.750000
1343868.000000
-11339548.000000
-3606104.750000
-4985646.500000
1309543.750000
-1367393.500000
-1771720.625000
-633384.687500
-398265.093750
8195142.500000
-596862.562500
-1983797.875000
3003824.750000
-1402551.500000
21007840.000000
3859686.750000
-1349947.625000
2962828.750000
-1967831.000000
-3131904.000000
220719.250000
4541782.500000
4466060.500000
3456583.000000
-1990944.000000
-4342343.500000
6051852.500000
2059333.625000
5544227.500000
-2445676.250000
-3303490.000000
675699.937500
5250002.000000
-7735739.500000
446904.843750
-8362669.500000
6198492.500000
1110046.750000
3887815.000000
7338480.000000
2852759.250000
-806146.750000
-3250666.000000
-27599.744141
1325683.375000
626182.187500
1595055.500000
3561051.750000
-4667101.500000
6957334.500000
258802.484375
-2472594.250000
812142.500000
6489798.500000
1598661.375000
-7702121.500000
1136426.500000
2427132.250000
-1052833.750000
-5181461.500000
-8416902.000000
1687185.625000
-2187679.750000
-3049181.750000
-9257035.000000
1027730.312500
4698954.000000
-1093945.375000
-6881118.000000
3358167.000000
4533795.500000
-1634538.500000
3250332.000000
-410975.593750
-926347.312500
1696115.500000
2982762.250000
573443.500000
-1177343.500000
-4433667.500000
576698.062500
2565114.250000
1672934.500000
-7653360.000000
-3817376.750000
-9696543.000000
-7997794.500000
-1821071.875000
3826386.000000
642751.000000
-3129783.750000
-2681.729248
3351922.250000
-4309133.000000
7293225.500000
907490.000000
2247006.250000
-4107758.000000
-2881831.750000
-836695.187500
-1420569.375000
-6170686.500000
-2817890.750000
-4698945.000000
-4636028.500000
-6624690.500000
2427031.500000
-2627343.000000
4638239.500000
6120750.500000
5166772.500000
2344736.750000
6239868.500000
-1691013.625000
4943065.500000
-4758058.000000
4470294.500000
3169028.250000
-7893680.000000
6710758.500000
-1115156.500000
-3371590.000000
-1362709.500000
7210649.500000
-8588308.000000
-1248567.500000
-2091859.000000
-5023203.500000
2006614.000000
-6031412.000000
-627591.250000
-2494144.250000
-5396986.500000
497174.656250
-8232646.500000
526818.750000
-2429646.750000
-10360636.000000
4375397.500000
2972043.250000
4247309.000000
5466571.000000
-5996133.500000
843227.187500
18722430.000000
-4058438.000000
2073289.500000
384778.593750
-4443018.500000
6787404.500000
-4651501.000000
7351003.500000
842357.187500
-1235785.000000
2119030.000000
-6536633.500000
5538423.500000
-8308832.500000
-2358001.250000
-5493249.500000
-15428005.000000
2937211.750000
-5851482.500000
-2335513.250000
-6691522.500000
10943129.000000
-6150842.500000
-6026640.000000
-8799768.000000
-8583340.000000
2890584.000000
3364194.750000
371829.218750
2660179.750000
8447707.000000
-1269174.625000
1361900.875000
-1984820.000000
3205900.750000
-2402874.750000
-601998.750000
3484662.000000
-808718.437500
8701648.000000
3465654.000000
-3743777.000000
-4041012.000000
4622401.500000
-6066266.500000
4263994.000000
2670425.250000
-1147081.875000
-2462372.250000
8550549.000000
1726289.875000
5269385.000000
1751282.000000
-1744963.000000
2333097.250000
-543201.312500
-4605641.500000
-1537800.125000
5508213.500000
-7159001.500000
1723881.625000
-1303880.000000
2363686.750000
-608656.187500
2206699.250000
1393341.625000
2392459.250000
3487803.250000
-1885279.125000
2714368.750000
-2787963.000000
2075224.375000
-735751.500000
-569746.312500
3881842.000000
-4500376.500000
-4495741.500000
-1437938.125000
1841338.625000
1474996.375000
3311198.750000
-2696695.000000
6265102.500000
-3160740.000000
-2285648.250000
-8339940.000000
-1222479.375000
4353388.000000
2196579.250000
1545166.375000
2696547.750000
3368795.250000
-3010771.750000
-3157329.250000
2857189.250000
-4669085.000000
18044010.000000
-5260354.000000
4674441.500000
12024199.000000
4635922.500000
4121015.250000
-1457035.000000
-3092573.750000
4230373.500000
-797317.437500
-10299533.000000
8028247.500000
8309296.000000
33345722.000000
10860133.000000
981885.812500
-1244207.750000
2544849.750000
-3884478.250000
-894400.312500
1117764.375000
5909709.500000
4142946.000000
2678135.750000
9664010.000000
11052601.000000
-3568874.750000
-2115266.000000
10500057.000000
1090524.250000
1044459.312500
-2500890.250000
461717.593750
-1559965.125000
11666941.000000
-12768356.000000
7836248.000000
4194430.500000
-6236622.500000
709315.187500
6967988.000000
-238310.312500
3610730.250000
-4210535.000000
2541994.250000
1799754.875000
-4385286.000000
-3209528.250000
-14062317.000000
-4371028.000000
-10332353.000000
-3516522.000000
5357291.500000
13368929.000000
283059.593750
2799423.750000
-6550177.500000
-9663313.000000
9535930.000000
26088422.000000
15568440.000000
-283465.906250
4080538.750000
9676710.000000
-4526395.500000
7253109.500000
6741596.500000
-2895658.750000
-1740012.125000
-506569.093750
10928947.000000
-2212686.000000
4671654.500000
-10027877.000000
1729191.625000
-1448301.625000
5035118.500000
36986.800781
3691983.750000
128149.773438
4642056.000000
1185002.375000
-127843.664063
983726.937500
-2090517.500000
-5047723.500000
-10001671.000000
-2816041.750000
761395.187500
4540716.500000
2070316.000000
-2373340.500000
-301046.593750
105941.914063
-3474096.250000
4734076.500000
627947.437500
3700264.000000
1975315.000000
3957266.750000
-5932178.000000
234998.015625
4881469.500000
-3109611.750000
3605746.000000
-4118076.000000
6750385.500000
-2425234.000000
2589175.500000
2311317.000000
-1730235.000000
-1299695.625000
1212310.875000
1584101.625000
-2150073.750000
-2949334.000000
4030794.000000
-1159961.125000
2512493.500000
-4821245.500000
-2204530.000000
-1754131.500000
-3260607.750000
3400652.000000
5933676.000000
-2414002.250000
2195493.750000
4773208.000000
-2640449.250000
-3711513.750000
-19977090.000000
1670131.375000
-9484089.000000
-425619.593750
-1952476.500000
-6340727.500000
-488718.000000
7271882.500000
-1294852.625000
3950731.250000
-4142980.750000
-3626609.250000
887477.187500
-1313250.875000
-453277.843750
-2972527.250000
-1022734.187500
-9789160.000000
-6944721.500000
-1968207.625000
-927854.312500
-1412906.375000
1653809.875000
-1788362.625000
5798808.000000
9730100.000000
1144913.000000
4573046.500000
3086348.000000
-4597812.500000
5426041.500000
-5733823.500000
-2874507.250000
4980340.500000
-12851465.000000
411655.250000
-5400610.500000
6221232.000000
4134502.250000
1811134.125000
-3654367.250000
5060704.500000
3018126.000000
-2551282.250000
1118750.125000
-367733.750000
4798580.500000
-5971946.000000
-6347482.000000
-2055204.000000
-3564138.750000
-2485044.000000
8483420.000000
12056341.000000
-6627437.500000
-27882080.000000
-1973155.000000
16251075.000000
-5008819.500000
-12315689.000000
-2762031.750000
-126922.492188
4586804.500000
-1002644.937500
-7616957.500000
34922788.000000
-2016646.500000
17267206.000000
6492455.500000
3910987.750000
-6685312.000000
-3281093.250000
-5227458.000000
-5658985.500000
-516951.000000
6927523.500000
-2114207.000000
-1351686.250000
-4520648.000000
4762178.000000
-2125486.750000
-3976786.750000
-9562261.000000
7593904.000000
-8398107.000000
1441597.375000
9199348.000000
2367238.000000
-8581271.000000
-5183877.500000
-3475662.750000
-5613154.500000
1755526.000000
-2011887.125000
-4630570.500000
-2887518.000000
12417219.000000
-358193.250000
-3828170.750000
5534508.000000
-1545698.000000
-4397468.000000
8527857.000000
2402374.250000
-8585665.000000
-4027054.750000
-12292353.000000
-3059871.000000
-7426672.500000
-3407955.750000
-3996394.000000
-2028078.125000
3363451.000000
-7275281.500000
2174503.250000
-3919037.250000
5572879.500000
-11657365.000000
3368413.750000
4379323.500000
11873565.000000
-1772354.625000
3751232.000000
935782.937500
-1817273.000000
-3530658.000000
-4315880.500000
2085263.625000
-1145932.750000
1595929.875000
-8137647.500000
6741692.000000
-15616040.000000
-12874192.000000
5787344.000000
9501478.000000
3345029.000000
3765631.750000
128768.406250
-1072813.375000
8755648.000000
1191768.375000
1050205.125000
-755031.000000
7116849.500000
1310145.000000
-375097.000000
-2104852.250000
-100082.742188
-445964.500000
-7332248.500000
-13086987.000000
-4410458.000000
-2437574.250000
5874600.000000
-8060346.000000
-9645785.000000
-6461503.500000
-226526.046875
-1949515.375000
4628081.500000
3867141.750000
4365287.000000
-10340.479492
6105197.500000
2413944.250000
-1087052.000000
5419511.500000
2374110.500000
929420.312500
5074566.500000
815693.250000
2247844.750000
4696110.500000
7912926.500000
-1437833.000000
31098.658203
-5433032.500000
-6013578.500000
5691243.500000
1606676.000000
1082262.375000
10286097.000000
-3356935.000000
838466.312500
-11436896.000000
-3579780.750000
1054368.125000
579820.625000
14882621.000000
2939600.250000
7669832.000000
-5492564.500000
6677875.500000
-11621628.000000
2212020.750000
526783.562500
-12654811.000000
-13810976.000000
-8564392.000000
5967990.500000
84933.164063
1197831.750000
2340552.250000
-5203980.000000
534182.750000
-2875632.750000
1535513.000000
16704035.000000
-4247099.500000
-4557713.500000
-2852556.250000
-17631370.000000
9549127.000000
1354576.500000
5618906.500000
-28308568.000000
5408306.000000
-6116429.500000
2737856.000000
-660741.250000
5880045.500000
4715749.500000
14354171.000000
571570.437500
7973388.500000
11387368.000000
5027758.500000
-911571.062500
-1678754.625000
4843226.500000
-3030157.000000
-8289929.500000
-14244381.000000
6702810.500000
-5184100.000000
-11129781.000000
-2418203.000000
1850855.375000
-112869.750000
-381070.593750
-15793504.000000
-14482940.000000
3076698.000000
-11594599.000000
-2027226.875000
12758187.000000
8486068.000000
-1566161.875000
-5586695.500000
-32585056.000000
-11417437.000000
4597601.500000
-2518872.000000
-5186370.500000
672804.687500
6113894.000000
-4822341.500000
-5595738.000000
11208868.000000
7619827.500000
-6681014.500000
7268670.000000
7463129.500000
364482.156250
402383.093750
1920444.000000
-290277.375000
-5623280.000000
612408.062500
-1206761.875000
707767.687500
2015716.000000
-531508.687500
1254447.875000
2007475.500000
-1019247.562500
-1555591.500000
169412.859375
148132.109375
-780375.687500
1833373.125000
-12860.127930
1955865.500000
-7416597.500000
-2568696.750000
2495311.500000
2890348.000000
1237117.125000
6192600.000000
-1391621.125000
-1694272.375000
11896688.000000
-1432882.000000
1964377.000000
5985790.500000
599266.062500
1886460.625000
-10307551.000000
-2434744.250000
-941493.562500
3265408.250000
-4070444.000000
9425399.000000
-3164773.750000
20010.078125
-1826239.625000
3351960.250000
-2692566.500000
1225448.125000
-2980902.000000
1654667.500000
2576265.250000
560725.750000
-4786460.000000
3264236.750000
-5160684.500000
1419604.000000
1361909.875000
-6916283.500000
-2651952.500000
-8799714.000000
3059467.750000
-7180073.500000
-3894652.750000
-19959378.000000
-1534990.625000
-11342036.000000
2628587.250000
-4011867.250000
-6518937.500000
3029570.750000
704186.187500
-1068339.875000
-3089050.000000
-13800277.000000
2323026.250000
-4444559.500000
9050407.000000
2456416.000000
-1150672.625000
230189.140625
-7427817.500000
-8212242.500000
3684822.000000
4514768.500000
72444.593750
-2754241.750000
-718719.500000
3917169.250000
3534958.750000
8392735.000000
-2326517.750000
4562768.000000
-214598.109375
-1693046.125000
-2265335.250000
-4923332.000000
5279996.500000
-13002703.000000
-761419.437500
-4598010.500000
3547017.250000
1332415.625000
-3447847.250000
1001212.250000
665947.937500
77876.250000
-2794906.250000
-675238.937500
264229.156250
-2823023.750000
2209268.250000
-2915384.000000
-1914591.375000
-2195635.500000
-9647455.000000
979668.312500
2353467.750000
933213.062500
-21238136.000000
-224901.078125
16555081.000000
-2772946.250000
-8406432.000000
-4763936.500000
-4158226.250000
1501604.500000
-1033983.312500
-2969913.250000
7629921.500000
-3117923.000000
5043187.500000
511027.625000
1889494.000000
-1962884.625000
737630.437500
141487.890625
5568890.500000
1824832.500000
-6177806.500000
6114761.500000
-6839434.500000
-20626.632813
6418498.500000
6231212.000000
2947257.250000
5927534.500000
855493.187500
-5199268.500000
3755612.750000
916383.750000
1962590.000000
-8400355.000000
4739715.500000
-8701160.000000
2584357.000000
4254145.500000
12588889.000000
4731081.500000
3200212.750000
9608255.000000
3071547.750000
-2556531.250000
-9596766.000000
-5010079.500000
896935.937500
-8718407.000000
6927194.500000
4969482.500000
1238678.875000
-4250583.500000
1066247.375000
-6539693.500000
-2188433.750000
-8856285.000000
6817184.000000
-3287205.250000
2187138.750000
-975066.687500
-482373.031250
-2695790.750000
2568473.000000
-4084942.750000
3618053.000000
-2673429.750000
-3042062.000000
5356765.500000
-2077932.000000
14933233.000000
140998.359375
-609855.000000
2189326.000000
-1088569.875000
-3273970.000000
15019740.000000
-1228527.375000
-5647384.000000
-2631786.750000
7477987.500000
-3534022.000000
3571482.750000
-2030264.875000
-1406000.500000
-929080.562500
-7332520.000000
9106914.000000
-6375650.500000
16119551.000000
-2346918.750000
1619056.000000
-1657100.625000
-4447222.000000
6890844.000000
-13250485.000000
413566.250000
19305922.000000
3296019.250000
-11405197.000000
1297792.625000
-169556.687500
4421111.500000
-7411408.500000
2012606.375000
1313517.875000
2973850.000000
6381608.000000
1217733.125000
1108368.125000
17356686.000000
-9823501.000000
-19026392.000000
-502116.968750
-3208472.750000
132033.984375
-226603.250000
-904180.500000
870104.937500
-5031562.500000
-4713707.500000
-239460.750000
-2910345.250000
-916716.437500
-4597506.500000
8005377.500000
-8373135.500000
-951861.000000
32376034.000000
5538218.500000
1502447.375000
13164227.000000
-1338865.125000
-4414800.500000
-6171741.500000
-3797680.000000
12849704.000000
-1402080.500000
7749605.500000
-5003341.500000
-4203178.500000
-5884292.000000
2001371.375000
-4132634.000000
6058382.500000
2930476.000000
64514.480469
1558045.125000
-2840246.250000
-7039086.000000
4564920.000000
-4906796.000000
616522.750000
3908089.250000
2982206.000000
-5663431.500000
3529958.750000
8788737.000000
-2313908.750000
5598666.500000
-3782474.750000
-4241662.500000
-5087060.000000
636764.562500
-1442040.875000
3835860.000000
1277275.625000
6743214.500000
-9133439.000000
-2274385.250000
1039375.000000
1241298.000000
-3629133.250000
-4286335.500000
2268226.000000
3591225.250000
-981805.250000
1136929.875000
2637917.250000
-1212671.875000
3183580.750000
-3541884.000000
-2631063.250000
-225072.328125
-2047574.375000
1894782.625000
-864116.500000
-8123184.500000
-5388692.000000
-2240596.250000
173722.296875
-6058752.500000
6083774.500000
5643262.000000
6778874.500000
-5606728.000000
-5406951.500000
-3595367.250000
-5246722.000000
-1927461.125000
-12605623.000000
3501620.750000
2218918.500000
-7238268.500000
6469850.000000
-6408517.500000
2708990.250000
-3701591.250000
8078464.000000
-4179044.750000
-2480115.000000
1167019.250000
-2324117.000000
-5173346.500000
4788997.500000
7593832.500000
2833539.250000
4950407.500000
4271098.500000
4669916.500000
-8620087.000000
-4513899.500000
-3455362.000000
-469161.500000
586056.500000
5835744.000000
-3516446.750000
2745120.250000
2094742.000000
4112432.750000
3398876.750000
13886397.000000
5929286.500000
-9077241.000000
3149866.750000
11385351.000000
-7266093.500000
-6244060.000000
-5365227.500000
5612173.500000
13037371.000000
-331505.343750
-439873.000000
1798100.875000
-1371987.375000
-2468312.250000
79235.445313
4107094.000000
-2131091.750000
2570761.750000
-128009.726563
4282743.000000
-5482313.500000
-3044473.250000
-856925.937500
11138393.000000
8680976.000000
2052282.000000
2463793.250000
-14046235.000000
-2817935.250000
-715030.000000
2550315.750000
3155457.250000
-3926594.000000
-201510.421875
4083469.000000
-2426305.250000
-2329560.750000
-1069110.125000
2435942.750000
5974080.500000
-324886.906250
-962036.500000
-212385.328125
2657032.750000
-3737406.000000
1479749.875000
-119898.585938
4935594.500000
758692.312500
3725127.250000
353977.031250
-2233395.750000
-6326036.000000
-2326649.750000
1887076.500000
4706823.000000
-3589778.250000
-7745460.500000
263724.156250
-3288377.750000
822320.187500
214209.421875
4687232.000000
2752246.000000
10043477.000000
2071212.375000
2262567.250000
-2380835.250000
-8671099.000000
1773402.375000
-1991569.375000
-2302386.000000
-3035162.000000
4469499.500000
-6697776.000000
-6892350.000000
2535531.250000
-343575.875000
-3407725.250000
230580.578125
647599.812500
-7627104.500000
-9497325.000000
-2653608.750000
-2080635.375000
-3170866.250000
-1422371.375000
1607458.125000
-1568274.375000
2537732.750000
1123604.750000
4481506.000000
-7316104.000000
4353267.000000
-3191145.250000
-1113223.375000
-280257.656250
-2970680.000000
-15761035.000000
898853.187500
-1811463.375000
-6579708.000000
-7254846.500000
-3151433.250000
-3285422.250000
-3526811.250000
6176053.500000
1323129.375000
1065930.375000
-4586374.000000
-7737038.000000
-409017.250000
6183696.000000
1546044.000000
849348.687500
-1066767.875000
6067459.500000
-1801646.500000
-6835410.500000
1988926.125000
-3131166.750000
-1519761.375000
1856990.375000
-6208273.500000
1958282.125000
7184269.500000
-1379672.125000
294759.531250
-693356.562500
1040034.000000
2165797.750000
-386828.250000
-3700598.750000
347898.250000
-2383147.250000
-5537634.500000
62578.660156
-4941179.500000
359469.125000
4942130.500000
2453590.500000
-776466.062500
-3257722.000000
4196119.000000
-1869243.375000
6714932.000000
917520.687500
1872831.500000
33597.562500
2376546.500000
2907310.000000
-499455.125000
431508.968750
-540012.437500
-6468670.500000
-5812022.500000
-1563681.875000
-5308767.000000
418038.906250
1181076.375000
-2447773.750000
5966376.500000
-4105860.000000
501904.406250
-4118769.000000
1671231.625000
-973223.437500
2367824.750000
8436335.000000
-370892.156250
8439975.000000
-561444.937500
4595033.000000
1815019.125000
101735.625000
5214775.000000
688347.562500
460680.406250
477860.093750
652254.250000
-10298007.000000
-2409659.750000
-2187142.250000
-2882699.750000
-4413336.000000
2064062.625000
-3892046.000000
-1232885.625000
-2356716.000000
-1216977.875000
3138258.000000
-3308839.750000
-1195204.375000
5467686.500000
35210.281250
-3343074.000000
-3266763.750000
2892529.000000
3293819.750000
1877897.625000
-1173964.875000
9718231.000000
1365086.375000
-1626596.500000
237510.828125
-4495600.500000
3936799.000000
530799.187500
4094815.000000
3393465.000000
239741.625000
4209695.500000
2177238.750000
5338546.500000
7413302.500000
-754775.437500
-4685672.000000
7832066.500000
168017.359375
-190917.546875
4776242.000000
-484817.156250
-1276727.875000
4094144.000000
-12112761.000000
2763270.000000
253889.171875
4221862.000000
-733161.312500
-566915.062500
-6471549.500000
-3489038.250000
-1985239.125000
-3990203.750000
-9234096.000000
-4470407.500000
-15403671.000000
14382312.000000
2006704.375000
-2952761.000000
1437051.125000
-3190401.250000
-10710912.000000
2036999.625000
-13197627.000000
-2978096.750000
-242808.296875
5962144.000000
2647355.000000
-3975237.750000
1921258.375000
1725058.000000
-2530348.750000
-6619633.500000
-768191.500000
6019292.500000
-5797837.500000
-7325580.500000
10438826.000000
-1795754.500000
-953221.500000
-8224062.500000
-5857774.500000
-4321968.000000
-1401810.375000
-679468.062500
206441.671875
6681157.500000
9921138.000000
-10123569.000000
-1662522.375000
7676482.000000
8073998.500000
-5040889.500000
-3650017.000000
1221399.000000
233067.515625
-1252597.625000
-756665.250000
1154007.375000
3971780.750000
-6278011.500000
1692921.125000
2826431.000000
3610181.000000
-8433384.000000
5699526.500000
2607868.500000
-7910842.500000
-22279150.000000
1217138.500000
-15214760.000000
6640579.500000
-17015674.000000
3333876.000000
-4944018.500000
-6505453.500000
-5826180.500000
-7841123.500000
-459573.625000
2215636.250000
-5619152.000000
2742229.750000
-4680240.000000
-739017.000000
877105.562500
-1479679.125000
6512486.500000
-1098920.875000
3264813.250000
1107271.000000
2000450.125000
2785440.000000
5102146.500000
2496251.750000
-1752189.625000
4787946.500000
-1777156.375000
-2805308.750000
-2384064.000000
-9419520.000000
-4325678.500000
-3370574.750000
-3980797.000000
-122877.867188
1461114.875000
982121.062500
-5025550.000000
-3621329.750000
1852310.000000
-1832264.500000
-2965414.000000
2803498.750000
1067205.125000
-2863371.250000
4016036.750000
5075170.500000
1029972.812500
3176906.000000
4809071.500000
637064.625000
-437663.750000
1205352.500000
4115182.750000
1166721.375000
3594210.000000
-1692449.125000
610379.812500
-2251628.000000
4531494.500000
-4686934.500000
2956119.750000
-5729058.000000
-1281509.500000
-2908549.000000
-5800462.500000
-1309562.875000
-1786054.000000
5451622.500000
-2414375.750000
-2860356.750000
4680413.500000
707144.187500
-1043627.437500
-13855072.000000
-1028350.000000
-3490380.000000
-10208529.000000
-1555343.625000
2739229.000000
3253943.750000
3962916.750000
-6507318.500000
8591595.000000
-525650.312500
5596733.500000
3546930.000000
-7879867.500000
4134469.250000
-2769209.250000
3704761.750000
-2668676.250000
-6859590.000000
-4849546.500000
5248791.500000
-12240079.000000
-4050451.250000
-4748765.500000
3725576.750000
-1283834.000000
-5174982.000000
5556042.500000
-7474867.500000
-3308584.750000
842584.000000
5634988.500000
-4379947.500000
-853485.562500
-12091680.000000
6067278.000000
-269032.843750
3259316.000000
-13216637.000000
-8733036.000000
3038882.250000
1737993.625000
636934.375000
3204743.250000
6107575.500000
-4735360.000000
6539076.000000
-858817.187500
-1123161.625000
7395782.000000
1202354.125000
4954802.000000
709678.312500
553456.437500
2223369.250000
-7357313.500000
-1818372.875000
25774030.000000
-3171060.750000
12431643.000000
-1861280.000000
-3064750.750000
2306289.750000
-1590502.625000
-5895705.500000
-7531720.000000
-2217450.750000
1712403.000000
-7700720.000000
-4402188.000000
1722700.875000
-1626331.875000
-4915035.500000
3005882.750000
4255817.500000
-317038.437500
-3033117.000000
-1955219.125000
473857.000000
8328690.500000
-770238.062500
-2105186.250000
-732878.687500
-3481732.250000
3078860.000000
516907.718750
-1171285.125000
2218967.250000
1915924.625000
-7129300.000000
94825.562500
3436108.000000
3112929.750000
-6988039.500000
1393700.625000
-2198063.250000
7970199.500000
-3130845.000000
2248565.500000
-9342433.000000
3780943.250000
231908.546875
1235878.750000
-4664964.000000
-1724362.625000
4512952.000000
585515.062500
-2378579.250000
1014285.812500
-2637408.750000
2015638.125000
11582864.000000
-5822737.500000
-5792184.000000
-2588630.000000
-8083624.000000
-5227154.500000
-2173798.000000
2434080.750000
295728.156250
-6190857.500000
232965.703125
15724984.000000
6057354.500000
5413282.000000
3215632.250000
775483.812500
-3367969.750000
1444515.625000
-3684849.000000
267363.718750
-1354.573730
-783.903076
-38.211834
128.046768
273.148163
-212.533813
-553.173523
-560.734436
598.029846
-105.248985
128.254303
-300.480255
27.877394
-180.875000
-1139.623535
387.206879
642.413269
290.066772
596.199768
844.645996
-36.950806
1110.694702
-250.017624
-242.363998
293.439667
-424.374359
-88.644859
890.404053
186.915695
-831.875977
-97.056152
956.074768
292.750885
467.371246
186.464890
-519.318420
655.353088
-108.058388
-223.703659
329.690369
-171.325699
-503.495758
55.436176
-245.641907
34.205944
-1037.679565
94.933815
1053.828247
805.079285
-557.461121
-1504.136353
253.457352
789.293762
-25.562609
-1523.223999
1419.109863
693.903137
117.482292
888.047852
-235.950317
1226.845703
-182.105896
1185.181641
517.579590
171375.296875
1363.078247
444.400879
-12.925194
93.835358
596.744507
-949.173645
-126.402550
203.344711
-474.255402
925.588135
-386.321442
601.727478
184.342667
183.705704
1282.088257
-285.674164
392.864960
433.006927
-1199.767944
919.858643
-324.236176
-1547.896606
480.215179
1340.590454
73.974571
253.669571
-79.372513
-114.418907
127.949829
849.636536
465.920319
-112.898338
298.425873
-178.001404
-134.068161
316.627655
-225.992172
10.877856
463.024536
-92.236427
2199.596191
849.904785
509.577850
368.628143
0.468765
2191.728027
182.807266
-367.455933
-278.410583
1250.826660
2677.707275
-213.189865
-406.766022
-379.896332
827.928284
-210.404251
-40.031296
-134.590927
184.254807
629.496399
-551.125732
161.265610
-659.534912
-408.783081
174554.359375
-1125.796387
1309.665039
317.929596
-565.984863
1189.229492
104.540184
-294.482391
409.651123
80.391273
529.601868
26.170830
1703.970093
61.812744
-165.695190
-261.747101
375.486481
-32.055149
-117.889198
-519.358826
-389.425568
-502.944794
-604.678894
-376.350830
765.770081
-207.558884
514.132813
-390.432129
98.083702
413.718475
987.930908
479.802246
447.050568
206.285034
-79.143959
-147.982101
-366.745117
-141.203140
279.589478
544.571777
189.722946
5908.435547
1761.405151
270.244781
-690.682861
-19.791985
815.286438
246.596451
478.181152
535.050903
1067.085327
-345.227051
42.195480
490.334137
902.119385
375.707428
-464.193939
-567.640869
188.374588
138.387054
-567.329529
-44.976440
-62.521336
285.957397
584.657776
301240.843750
-1040.499023
-876.095947
266.277740
466.978973
701.240784
-101.495972
170.427963
249.631180
124.671165
-359.337250
1159.527222
874.950989
420.098511
48.935806
-390.662933
-41.790752
-208.256668
-62.504353
234.267334
-555.225281
165.214005
-2159.953369
-441.555695
-202.104736
68.470955
-118.498436
676.502625
-462.715179
397.758514
-2174.231201
692.371582
-238.159485
-26.338003
-1186.610474
-927.810059
563.671570
83.687538
108.428123
426.955353
958.400391
-1052.948608
-1655.456543
-443.591217
-1230.291382
-201.073303
-2291.072998
278.320892
-636.987732
-964.939209
-1603.251465
1065.026001
-466.512360
234.816711
-338.097168
-658.354065
326.658783
555.280823
-859.316956
-565.987915
-333.398438
-526.031799
209.628601
-12.774360
7.499229
194711.046875
-1555.823608
-31.942423
11.178226
-356.991119
419.969574
311.609222
-378.648926
393.717316
81.071625
-428.738281
-115.143219
435.894989
-93.053955
-47.714462
-533.306458
-124.958488
-23.175032
35.528992
102.292809
-599.231934
-335.404175
-1485.489136
484.283051
-576.702087
209.883133
-240.354553
258.494293
479.678925
226.103699
325.042694
788.636536
19.489328
-141.005539
12.541432
478.615448
-326.456329
119.572021
204.687683
44.034637
-323.738739
-507.858643
-285.965363
44.259777
-671.074402
708.734558
-1255.926880
21.386642
459.333160
-902.072266
-987.977356
-1179.523071
-60.023758
703.768799
-404.578033
-341.822632
-221.324631
-164.408524
-1239.982056
593.377441
242.047668
492.759033
-525.030762
602.613770
422.868561
324987.750000
-1255.822632
496.910248
-752.808777
-108.125305
410.881714
772.525574
-453.648346
279.588226
192.971268
-691.459167
232.198349
117.712097
211.045288
-39.616261
-380.971344
-633.166443
-531.705383
616.481140
1061.510742
-937.058167
795.201355
1118.638306
-15.639175
-444.348480
742.615234
378.840332
-292.465912
-1004.147156
-33.174847
-327.428680
64.481956
1086.523926
526.004089
368.880280
103.072350
732.910095
57.548161
-632.404968
775.675964
647.400391
1078.162109
-537.626160
299.384308
604.244873
16.455595
232.681107
-211.667603
269.044983
443.876709
-445.971558
-1131.991821
176.312027
982.768250
-1026.603394
504.651093
-220.328812
317.803101
-304.355865
-262.517303
-186.021530
-463.076508
632.482605
-1108.889282
271.069550
299516.531250
1543.423706
622.633301
215.861893
88.634254
69.429512
-36.383045
-336.009460
-547.400696
217.663818
-817.559814
175.220810
-460.945190
-456.836792
-74.132561
-419.839233
493.981934
67.667168
-54.543640
-1062.864380
319.347260
298.872101
-4023.406250
-197.526932
594.190613
126.312561
-7.053889
-99.940063
-527.894043
-167.912506
-1384.377808
-1729.565430
-812.041687
-530.172607
-434.522217
271.469574
491.997284
-327.788177
261.936432
-987.407288
513.476624
-1157.023193
671.037292
-1042.042969
990.469788
-640.924561
-245.333633
-266.680695
65.480507
-1989.672729
293.115417
602.157166
357.372070
231.098343
1135.087524
-481.778320
623.771729
480.981720
-656.557922
-509.887787
-109.254280
-1478.066772
165.228470
436.870117
231.135315
331488.781250
843.995300
2.604871
496.855865
-556.373840
396.934326
-321.684448
776.104309
-238.154175
-24.065847
-105.718086
418.179047
443.362152
-469.372803
305.447876
1084.356323
730.418518
244.932999
-743.512390
776.761414
-92.236580
-333.465240
33.394939
-70.092522
440.740936
-11.099899
-256.536774
158.827042
616.631897
-353.864960
416.718353
-202.735672
193.873550
-323.642792
418.187622
-2.730698
-539.386414
1224.459839
-731.265137
1299.486816
534.406433
508.849762
-466.941010
222.234558
463.542480
-185.142334
525.760254
248.065308
-369.869415
1353.487793
-684.089844
-824.622070
639.930054
-353.451141
834.545105
-373.985596
-372.987640
225.204819
867.171204
892.372375
-393.934448
254.081482
-162.322067
192.342087
230.864578
281518.531250
3799.581299
2066.800537
714.410461
-576.624573
876.270203
-328.298431
-484.923431
354.212280
-225.210800
1378.705078
-773.682800
967.976379
121.084045
540.815125
2290.672607
-57.908298
591.173828
551.289612
-1082.482544
316.196045
-289.757294
-2573.797607
29.055580
1746.085449
-135.662720
-45.287266
507.403320
1293.605103
570.390747
3427.974365
-595.057678
57.945190
297.466339
147.532211
526.600464
-601.804016
215.048950
46.266296
1224.903198
-88.286583
274.290558
2371.780518
-616.114075
1486.008423
-722.341736
3512.186279
-279.082764
1418.304565
-1730.920532
2196.584961
1178.168457
-597.050720
394.798218
-905.376648
2432.355225
-2006.360718
-284.235260
-897.073547
119.465675
-76.176651
500.836090
114.647888
417.972931
481.662567
267322.125000
-733.482605
-1701.003540
-495.039825
-682.218262
175.888306
88.046715
51.149536
-90.177284
-135.822067
305.929230
-203.903076
-428.610443
-24.386526
-276.997314
-1035.907471
-157.282974
-809.091492
368.947784
-81.634666
-1156.983032
101.179955
1131.286255
-284.686005
-1458.322144
-462.035980
-199.225449
-95.599335
22.452080
108.120445
-1900.429321
-282.018707
550.932556
74.369041
-136.617371
-755.763367
-518.210449
-90.376190
103.088844
-1241.336060
-48.730663
-201.636063
-841.120789
-146.199783
-311.774689
436.537842
-1914.530396
174.717590
667.561646
506.071564
-2307.752930
-2792.614014
630.498108
887.813904
-512.025452
-434.719360
-129.344635
-183.299179
-482.350983
396.843781
-652.236755
200.902145
-60.685284
340.140228
-74.176743
273162.687500
23.801188
1894.044800
725.041077
828.417908
-376.274750
482.072510
121.344948
-525.366272
-653.155823
-1854.799683
319.927368
869.920715
71.361168
-297.475067
84.827339
-788.617859
-346.929413
-91.426445
-880.010742
-561.153870
525.051331
-2944.495117
567.255310
-522.971191
883.806824
18.545950
822.044250
514.606628
223.281540
-267.923828
473.239990
651.993652
143.633789
-293.696411
-27.377295
191.032333
208.980057
-538.844238
983.295715
-151.040344
2436.206787
2271.963135
642.984802
-57.584332
327.482819
206.585815
-889.829285
-739.735046
715.386414
556.218323
870.288025
551.816833
-591.220703
-251.313965
315.885620
-556.078857
468.352936
-125.540382
-298.541595
1257.067505
-13.545364
2.176740
232.531174
5.569916
327821.906250
-607.603699
-86.514854
-40.528316
-258.928345
-843.375305
-15.090247
-290.313873
144.039734
-354.461761
-693.087646
-690.158875
-353.859833
-774.810547
219.879578
306.887756
56.226543
-501.128387
210.473068
-447.034332
616.610107
-480.614349
243.261658
44.826843
-222.165573
-547.864807
-178.129211
-707.453308
-828.127136
-1024.042358
-847.875000
983.227539
-824.470154
-439.786011
-733.786438
357.430145
-29.752594
-356.212982
-973.515564
-1330.447266
-407.954437
-1147.417847
-261.044159
-254.036545
-1331.919312
-382.981232
-692.317139
-147.095749
-769.955078
967.368164
-463.306671
1327.134888
-1316.546021
-607.747192
887.867981
377.985107
685.758362
-798.864746
-514.000732
-405.785400
180.230789
-1004.604248
-842.197937
-21.472464
-658.271179
